,num1,num2,ans
0,583,258,841
1,277,563,840
2,959,856,1815
3,734,780,1514
4,246,348,594
5,293,717,1010
6,426,334,760
7,20,153,173
8,432,491,923
9,10,602,612
10,742,115,857
11,879,330,1209
12,366,21,387
13,603,893,1496
14,303,991,1294
15,370,681,1051
16,26,376,402
17,577,299,876
18,46,609,655
19,588,719,1307
20,770,867,1637
21,600,236,836
22,997,270,1267
23,997,789,1786
24,736,18,754
25,262,842,1104
26,939,371,1310
27,462,402,864
28,857,286,1143
29,667,390,1057
30,577,859,1436
31,670,306,976
32,385,959,1344
33,633,771,1404
34,511,996,1507
35,788,206,994
36,663,140,803
37,308,492,800
38,507,522,1029
39,289,866,1155
40,407,875,1282
41,2,233,235
42,71,884,955
43,361,596,957
44,978,489,1467
45,740,405,1145
46,677,971,1648
47,130,25,155
48,416,855,1271
49,919,433,1352
50,820,60,880
51,377,401,778
52,430,72,502
53,613,281,894
54,586,942,1528
55,212,515,727
56,654,925,1579
57,40,74,114
58,629,365,994
59,629,414,1043
60,457,578,1035
61,259,509,768
62,812,953,1765
63,599,396,995
64,798,433,1231
65,89,210,299
66,331,397,728
67,485,553,1038
68,421,221,642
69,764,757,1521
70,760,964,1724
71,151,550,701
72,251,271,522
73,144,661,805
74,4,323,327
75,327,440,767
76,788,97,885
77,322,414,736
78,624,432,1056
79,607,873,1480
80,193,692,885
81,886,924,1810
82,102,527,629
83,419,132,551
84,135,406,541
85,239,825,1064
86,709,215,924
87,82,650,732
88,726,973,1699
89,617,891,1508
90,221,953,1174
91,193,195,388
92,88,18,106
93,270,576,846
94,858,589,1447
95,351,372,723
96,586,40,626
97,672,165,837
98,601,65,666
99,494,324,818
100,610,781,1391
101,888,782,1670
102,959,449,1408
103,398,475,873
104,969,542,1511
105,456,309,765
106,542,604,1146
107,799,692,1491
108,442,675,1117
109,687,849,1536
110,400,499,899
111,385,287,672
112,887,846,1733
113,260,781,1041
114,348,628,976
115,270,953,1223
116,882,282,1164
117,924,944,1868
118,898,667,1565
119,405,991,1396
120,803,963,1766
121,293,486,779
122,997,500,1497
123,687,114,801
124,80,262,342
125,259,693,952
126,470,29,499
127,306,503,809
128,570,476,1046
129,715,773,1488
130,711,985,1696
131,929,3,932
132,709,614,1323
133,216,17,233
134,264,340,604
135,713,36,749
136,359,921,1280
137,600,205,805
138,869,499,1368
139,838,450,1288
140,475,504,979
141,298,72,370
142,324,870,1194
143,885,407,1292
144,959,738,1697
145,576,438,1014
146,128,173,301
147,670,906,1576
148,326,516,842
149,904,917,1821
150,795,759,1554
151,7,673,680
152,315,549,864
153,646,108,754
154,736,230,966
155,230,651,881
156,846,163,1009
157,694,421,1115
158,882,722,1604
159,103,20,123
160,95,558,653
161,32,949,981
162,916,850,1766
163,732,128,860
164,124,555,679
165,720,732,1452
166,931,538,1469
167,491,411,902
168,361,618,979
169,164,978,1142
170,39,967,1006
171,120,688,808
172,22,19,41
173,60,128,188
174,551,675,1226
175,641,100,741
176,494,470,964
177,833,154,987
178,549,837,1386
179,334,242,576
180,839,536,1375
181,553,504,1057
182,198,277,475
183,718,539,1257
184,254,670,924
185,526,758,1284
186,380,60,440
187,155,386,541
188,657,228,885
189,571,433,1004
190,11,818,829
191,943,165,1108
192,114,232,346
193,464,258,722
194,872,734,1606
195,976,957,1933
196,22,414,436
197,254,547,801
198,468,389,857
199,449,11,460
200,300,491,791
201,750,268,1018
202,280,987,1267
203,117,29,146
204,534,491,1025
205,154,259,413
206,412,205,617
207,481,197,678
208,337,183,520
209,94,31,125
210,234,101,335
211,716,261,977
212,223,702,925
213,718,82,800
214,21,263,284
215,9,276,285
216,136,9,145
217,152,94,246
218,478,104,582
219,704,193,897
220,468,35,503
221,541,373,914
222,162,109,271
223,820,534,1354
224,781,521,1302
225,310,832,1142
226,295,752,1047
227,958,381,1339
228,413,879,1292
229,360,597,957
230,786,139,925
231,636,375,1011
232,581,560,1141
233,106,980,1086
234,437,985,1422
235,342,940,1282
236,211,464,675
237,504,163,667
238,65,611,676
239,471,95,566
240,400,759,1159
241,579,210,789
242,605,205,810
243,437,142,579
244,161,99,260
245,580,513,1093
246,512,264,776
247,727,753,1480
248,608,299,907
249,667,170,837
250,492,717,1209
251,125,279,404
252,834,848,1682
253,610,749,1359
254,257,492,749
255,687,641,1328
256,828,302,1130
257,283,239,522
258,155,268,423
259,634,424,1058
260,672,374,1046
261,453,106,559
262,697,212,909
263,570,924,1494
264,526,893,1419
265,341,597,938
266,145,443,588
267,381,227,608
268,735,507,1242
269,425,740,1165
270,320,620,940
271,763,994,1757
272,295,329,624
273,279,719,998
274,606,161,767
275,663,934,1597
276,563,2,565
277,678,643,1321
278,486,938,1424
279,417,677,1094
280,101,273,374
281,500,235,735
282,98,980,1078
283,161,233,394
284,421,641,1062
285,893,857,1750
286,470,481,951
287,575,175,750
288,178,554,732
289,974,544,1518
290,892,804,1696
291,809,258,1067
292,586,701,1287
293,879,690,1569
294,414,430,844
295,933,351,1284
296,458,779,1237
297,301,845,1146
298,129,799,928
299,304,939,1243
300,900,553,1453
301,751,374,1125
302,239,442,681
303,531,477,1008
304,70,58,128
305,725,583,1308
306,560,149,709
307,479,264,743
308,132,788,920
309,550,631,1181
310,438,595,1033
311,921,235,1156
312,234,322,556
313,335,431,766
314,816,513,1329
315,34,878,912
316,465,274,739
317,544,792,1336
318,314,260,574
319,106,864,970
320,422,272,694
321,400,884,1284
322,790,787,1577
323,574,174,748
324,923,270,1193
325,564,792,1356
326,420,978,1398
327,645,424,1069
328,816,19,835
329,325,253,578
330,647,827,1474
331,386,171,557
332,115,920,1035
333,540,431,971
334,320,115,435
335,559,590,1149
336,771,989,1760
337,860,741,1601
338,685,12,697
339,946,363,1309
340,617,497,1114
341,587,310,897
342,607,865,1472
343,444,682,1126
344,251,558,809
345,715,740,1455
346,664,730,1394
347,24,148,172
348,640,210,850
349,188,783,971
350,43,612,655
351,254,422,676
352,339,768,1107
353,379,68,447
354,78,667,745
355,336,546,882
356,699,971,1670
357,392,512,904
358,599,534,1133
359,50,844,894
360,621,792,1413
361,335,821,1156
362,205,787,992
363,792,736,1528
364,102,192,294
365,362,163,525
366,860,975,1835
367,154,703,857
368,737,874,1611
369,189,324,513
370,51,24,75
371,683,94,777
372,53,655,708
373,421,838,1259
374,135,204,339
375,820,513,1333
376,266,611,877
377,853,367,1220
378,549,353,902
379,586,960,1546
380,274,207,481
381,925,364,1289
382,762,322,1084
383,539,274,813
384,485,187,672
385,497,56,553
386,568,722,1290
387,459,323,782
388,409,977,1386
389,917,343,1260
390,823,365,1188
391,775,394,1169
392,961,681,1642
393,890,692,1582
394,817,517,1334
395,942,758,1700
396,970,333,1303
397,23,130,153
398,751,641,1392
399,772,770,1542
400,624,66,690
401,841,785,1626
402,613,41,654
403,595,251,846
404,318,453,771
405,37,873,910
406,424,645,1069
407,176,17,193
408,774,719,1493
409,9,881,890
410,631,785,1416
411,633,532,1165
412,619,423,1042
413,589,902,1491
414,626,732,1358
415,499,211,710
416,794,892,1686
417,46,606,652
418,232,259,491
419,104,863,967
420,955,458,1413
421,74,465,539
422,433,166,599
423,626,596,1222
424,641,184,825
425,842,462,1304
426,201,904,1105
427,543,114,657
428,788,860,1648
429,849,336,1185
430,537,562,1099
431,476,461,937
432,810,8,818
433,389,977,1366
434,704,472,1176
435,173,993,1166
436,387,799,1186
437,59,265,324
438,943,421,1364
439,466,977,1443
440,556,684,1240
441,539,664,1203
442,631,947,1578
443,515,974,1489
444,47,336,383
445,941,117,1058
446,438,865,1303
447,315,451,766
448,516,485,1001
449,707,109,816
450,479,689,1168
451,657,777,1434
452,256,77,333
453,792,819,1611
454,908,493,1401
455,398,868,1266
456,278,182,460
457,319,408,727
458,104,225,329
459,826,530,1356
460,510,522,1032
461,27,979,1006
462,351,996,1347
463,885,602,1487
464,251,833,1084
465,171,253,424
466,881,484,1365
467,674,535,1209
468,222,872,1094
469,229,194,423
470,653,319,972
471,144,978,1122
472,498,274,772
473,924,500,1424
474,105,950,1055
475,231,89,320
476,847,482,1329
477,752,191,943
478,241,781,1022
479,171,995,1166
480,812,738,1550
481,487,852,1339
482,886,853,1739
483,931,325,1256
484,659,5,664
485,968,46,1014
486,856,282,1138
487,36,315,351
488,96,557,653
489,165,88,253
490,9,722,731
491,907,761,1668
492,14,321,335
493,617,991,1608
494,408,641,1049
495,820,930,1750
496,108,411,519
497,829,989,1818
498,552,893,1445
499,152,792,944
500,461,539,1000
501,432,799,1231
502,426,340,766
503,487,508,995
504,661,633,1294
505,240,380,620
506,593,364,957
507,152,537,689
508,767,59,826
509,18,950,968
510,677,163,840
511,851,769,1620
512,565,604,1169
513,519,73,592
514,411,415,826
515,174,939,1113
516,537,917,1454
517,39,66,105
518,187,983,1170
519,327,833,1160
520,137,300,437
521,61,3,64
522,924,419,1343
523,81,593,674
524,159,25,184
525,458,539,997
526,355,254,609
527,835,243,1078
528,432,484,916
529,164,151,315
530,205,19,224
531,755,721,1476
532,245,608,853
533,584,560,1144
534,895,824,1719
535,459,664,1123
536,246,575,821
537,952,623,1575
538,779,20,799
539,980,0,980
540,784,100,884
541,503,859,1362
542,139,715,854
543,103,500,603
544,774,202,976
545,450,720,1170
546,721,536,1257
547,259,95,354
548,568,793,1361
549,789,136,925
550,628,913,1541
551,376,483,859
552,799,539,1338
553,595,185,780
554,269,669,938
555,39,616,655
556,485,684,1169
557,883,663,1546
558,421,666,1087
559,657,399,1056
560,774,860,1634
561,216,593,809
562,170,41,211
563,342,511,853
564,363,387,750
565,702,501,1203
566,632,182,814
567,265,643,908
568,288,335,623
569,345,772,1117
570,298,658,956
571,656,991,1647
572,344,921,1265
573,296,63,359
574,378,148,526
575,712,191,903
576,83,403,486
577,151,799,950
578,594,489,1083
579,900,391,1291
580,360,727,1087
581,985,208,1193
582,996,168,1164
583,651,47,698
584,257,923,1180
585,731,771,1502
586,975,160,1135
587,789,219,1008
588,538,113,651
589,892,88,980
590,552,587,1139
591,48,867,915
592,15,477,492
593,487,278,765
594,587,471,1058
595,733,819,1552
596,847,105,952
597,119,837,956
598,855,366,1221
599,320,57,377
600,756,744,1500
601,204,350,554
602,272,420,692
603,790,380,1170
604,336,540,876
605,418,753,1171
606,755,653,1408
607,159,931,1090
608,321,239,560
609,146,584,730
610,443,858,1301
611,572,932,1504
612,832,704,1536
613,442,719,1161
614,555,730,1285
615,360,660,1020
616,734,621,1355
617,369,943,1312
618,340,633,973
619,279,224,503
620,695,963,1658
621,767,405,1172
622,223,368,591
623,71,704,775
624,832,5,837
625,471,899,1370
626,325,780,1105
627,766,909,1675
628,488,702,1190
629,708,459,1167
630,897,514,1411
631,699,964,1663
632,245,13,258
633,324,108,432
634,489,792,1281
635,515,607,1122
636,155,622,777
637,485,182,667
638,647,973,1620
639,694,805,1499
640,669,753,1422
641,888,34,922
642,461,255,716
643,31,551,582
644,645,713,1358
645,265,114,379
646,798,502,1300
647,236,385,621
648,597,960,1557
649,434,63,497
650,369,790,1159
651,580,724,1304
652,13,93,106
653,658,259,917
654,419,630,1049
655,427,561,988
656,443,628,1071
657,26,98,124
658,739,524,1263
659,668,191,859
660,38,928,966
661,796,504,1300
662,967,687,1654
663,383,470,853
664,806,702,1508
665,469,757,1226
666,23,432,455
667,755,330,1085
668,753,428,1181
669,341,363,704
670,964,634,1598
671,222,86,308
672,565,683,1248
673,741,923,1664
674,136,463,599
675,281,921,1202
676,41,999,1040
677,348,127,475
678,338,809,1147
679,276,570,846
680,417,111,528
681,595,463,1058
682,273,424,697
683,625,743,1368
684,7,235,242
685,317,121,438
686,478,59,537
687,465,312,777
688,3,205,208
689,683,646,1329
690,480,719,1199
691,580,466,1046
692,164,469,633
693,438,865,1303
694,820,814,1634
695,369,721,1090
696,667,626,1293
697,333,244,577
698,747,836,1583
699,968,915,1883
700,723,746,1469
701,199,876,1075
702,849,165,1014
703,540,598,1138
704,753,924,1677
705,183,878,1061
706,181,819,1000
707,838,465,1303
708,532,107,639
709,297,447,744
710,954,826,1780
711,716,743,1459
712,513,524,1037
713,836,538,1374
714,791,863,1654
715,486,72,558
716,354,90,444
717,120,711,831
718,506,219,725
719,824,663,1487
720,100,766,866
721,639,843,1482
722,763,645,1408
723,962,269,1231
724,21,343,364
725,133,555,688
726,459,630,1089
727,454,133,587
728,807,815,1622
729,339,811,1150
730,780,678,1458
731,345,22,367
732,234,762,996
733,150,148,298
734,95,113,208
735,835,536,1371
736,268,794,1062
737,635,170,805
738,800,403,1203
739,414,822,1236
740,735,388,1123
741,937,182,1119
742,411,86,497
743,871,107,978
744,750,658,1408
745,802,182,984
746,496,251,747
747,313,676,989
748,559,12,571
749,926,554,1480
750,783,581,1364
751,181,718,899
752,743,598,1341
753,451,553,1004
754,836,265,1101
755,342,871,1213
756,61,376,437
757,242,693,935
758,272,708,980
759,121,627,748
760,401,677,1078
761,783,586,1369
762,927,25,952
763,466,234,700
764,176,972,1148
765,471,209,680
766,194,90,284
767,286,936,1222
768,875,496,1371
769,458,355,813
770,341,347,688
771,14,837,851
772,482,955,1437
773,784,482,1266
774,893,651,1544
775,672,739,1411
776,39,560,599
777,381,738,1119
778,178,858,1036
779,518,811,1329
780,702,957,1659
781,167,863,1030
782,947,725,1672
783,395,670,1065
784,991,39,1030
785,720,32,752
786,645,765,1410
787,897,40,937
788,570,999,1569
789,681,81,762
790,176,663,839
791,308,619,927
792,928,75,1003
793,915,69,984
794,713,651,1364
795,924,426,1350
796,83,91,174
797,944,632,1576
798,633,971,1604
799,231,5,236
800,851,622,1473
801,351,58,409
802,421,93,514
803,995,545,1540
804,986,786,1772
805,675,885,1560
806,849,313,1162
807,101,373,474
808,229,95,324
809,598,696,1294
810,433,210,643
811,459,230,689
812,927,350,1277
813,113,505,618
814,212,688,900
815,218,375,593
816,678,834,1512
817,571,55,626
818,673,729,1402
819,628,410,1038
820,468,541,1009
821,142,410,552
822,150,100,250
823,933,693,1626
824,505,309,814
825,696,905,1601
826,265,825,1090
827,951,391,1342
828,957,17,974
829,931,849,1780
830,332,310,642
831,824,436,1260
832,363,502,865
833,68,47,115
834,902,254,1156
835,695,45,740
836,424,654,1078
837,913,366,1279
838,596,4,600
839,650,578,1228
840,437,519,956
841,166,68,234
842,164,220,384
843,745,849,1594
844,459,785,1244
845,985,613,1598
846,6,14,20
847,741,209,950
848,539,999,1538
849,402,249,651
850,523,193,716
851,59,485,544
852,331,419,750
853,712,238,950
854,559,277,836
855,237,313,550
856,375,289,664
857,733,696,1429
858,497,338,835
859,507,176,683
860,741,839,1580
861,499,57,556
862,332,617,949
863,51,416,467
864,215,924,1139
865,153,208,361
866,347,335,682
867,50,83,133
868,354,303,657
869,371,630,1001
870,612,237,849
871,157,737,894
872,482,237,719
873,550,77,627
874,951,72,1023
875,496,34,530
876,864,9,873
877,154,747,901
878,115,415,530
879,81,504,585
880,753,426,1179
881,413,815,1228
882,175,881,1056
883,550,487,1037
884,920,915,1835
885,759,137,896
886,591,256,847
887,605,153,758
888,782,760,1542
889,324,161,485
890,607,887,1494
891,147,982,1129
892,580,771,1351
893,805,967,1772
894,802,76,878
895,835,370,1205
896,12,785,797
897,580,858,1438
898,559,587,1146
899,952,754,1706
900,718,387,1105
901,84,609,693
902,444,985,1429
903,158,352,510
904,678,539,1217
905,982,142,1124
906,517,720,1237
907,115,726,841
908,601,503,1104
909,737,0,737
910,547,33,580
911,803,587,1390
912,567,307,874
913,404,228,632
914,835,918,1753
915,666,347,1013
916,830,419,1249
917,582,797,1379
918,544,192,736
919,940,752,1692
920,785,283,1068
921,47,636,683
922,75,962,1037
923,70,511,581
924,694,775,1469
925,247,905,1152
926,582,433,1015
927,287,379,666
928,143,162,305
929,574,364,938
930,99,858,957
931,938,165,1103
932,657,31,688
933,93,858,951
934,148,684,832
935,506,234,740
936,763,636,1399
937,100,614,714
938,674,343,1017
939,723,306,1029
940,924,349,1273
941,219,639,858
942,250,670,920
943,537,592,1129
944,410,40,450
945,657,668,1325
946,299,197,496
947,950,451,1401
948,744,814,1558
949,864,336,1200
950,27,598,625
951,363,981,1344
952,561,835,1396
953,355,725,1080
954,113,675,788
955,592,830,1422
956,568,669,1237
957,754,753,1507
958,802,377,1179
959,754,937,1691
960,142,304,446
961,344,223,567
962,564,475,1039
963,252,94,346
964,313,803,1116
965,530,760,1290
966,100,640,740
967,625,6,631
968,917,415,1332
969,194,162,356
970,555,691,1246
971,577,813,1390
972,397,218,615
973,69,534,603
974,317,532,849
975,834,257,1091
976,819,121,940
977,489,788,1277
978,400,4,404
979,554,988,1542
980,632,501,1133
981,641,849,1490
982,325,580,905
983,489,765,1254
984,558,419,977
985,58,835,893
986,821,125,946
987,298,697,995
988,120,292,412
989,516,135,651
990,358,525,883
991,967,960,1927
992,841,323,1164
993,989,863,1852
994,253,777,1030
995,109,877,986
996,514,483,997
997,826,602,1428
998,115,239,354
999,748,666,1414
1000,68,18,86
1001,389,929,1318
1002,244,312,556
1003,359,972,1331
1004,913,113,1026
1005,418,677,1095
1006,49,214,263
1007,896,890,1786
1008,561,662,1223
1009,306,173,479
1010,144,864,1008
1011,494,799,1293
1012,314,72,386
1013,688,829,1517
1014,135,210,345
1015,465,639,1104
1016,709,711,1420
1017,970,400,1370
1018,273,787,1060
1019,4,507,511
1020,574,756,1330
1021,165,197,362
1022,603,844,1447
1023,372,101,473
1024,621,312,933
1025,534,81,615
1026,819,227,1046
1027,898,429,1327
1028,103,350,453
1029,261,283,544
1030,307,463,770
1031,964,179,1143
1032,191,842,1033
1033,3,532,535
1034,986,76,1062
1035,691,256,947
1036,711,471,1182
1037,380,984,1364
1038,911,941,1852
1039,726,386,1112
1040,528,500,1028
1041,295,932,1227
1042,828,743,1571
1043,118,441,559
1044,95,515,610
1045,181,487,668
1046,258,474,732
1047,346,272,618
1048,974,673,1647
1049,355,876,1231
1050,997,260,1257
1051,103,636,739
1052,433,359,792
1053,205,565,770
1054,789,729,1518
1055,799,763,1562
1056,268,804,1072
1057,244,504,748
1058,257,127,384
1059,200,215,415
1060,206,415,621
1061,817,773,1590
1062,190,930,1120
1063,242,636,878
1064,108,523,631
1065,245,822,1067
1066,736,425,1161
1067,877,942,1819
1068,573,848,1421
1069,956,64,1020
1070,259,756,1015
1071,29,243,272
1072,405,527,932
1073,253,644,897
1074,44,835,879
1075,868,368,1236
1076,865,703,1568
1077,535,338,873
1078,101,971,1072
1079,753,588,1341
1080,315,812,1127
1081,591,172,763
1082,762,220,982
1083,465,320,785
1084,210,171,381
1085,899,288,1187
1086,12,975,987
1087,923,426,1349
1088,171,675,846
1089,608,683,1291
1090,572,652,1224
1091,620,626,1246
1092,973,605,1578
1093,902,232,1134
1094,793,535,1328
1095,440,729,1169
1096,347,610,957
1097,467,357,824
1098,390,501,891
1099,878,837,1715
1100,790,629,1419
1101,494,116,610
1102,727,678,1405
1103,555,833,1388
1104,439,783,1222
1105,399,524,923
1106,657,870,1527
1107,143,480,623
1108,425,310,735
1109,406,919,1325
1110,495,276,771
1111,30,23,53
1112,402,954,1356
1113,150,260,410
1114,696,707,1403
1115,257,131,388
1116,199,431,630
1117,862,366,1228
1118,21,829,850
1119,145,130,275
1120,254,784,1038
1121,137,529,666
1122,731,74,805
1123,563,355,918
1124,455,467,922
1125,301,935,1236
1126,233,517,750
1127,699,361,1060
1128,82,482,564
1129,255,839,1094
1130,265,216,481
1131,484,862,1346
1132,71,37,108
1133,91,165,256
1134,579,624,1203
1135,120,786,906
1136,304,428,732
1137,437,111,548
1138,625,846,1471
1139,403,417,820
1140,304,320,624
1141,380,255,635
1142,61,625,686
1143,735,24,759
1144,653,96,749
1145,205,212,417
1146,755,48,803
1147,710,117,827
1148,511,124,635
1149,559,200,759
1150,905,784,1689
1151,747,560,1307
1152,934,324,1258
1153,551,525,1076
1154,212,431,643
1155,75,160,235
1156,944,898,1842
1157,379,350,729
1158,951,660,1611
1159,698,775,1473
1160,688,342,1030
1161,773,64,837
1162,781,153,934
1163,424,801,1225
1164,47,847,894
1165,696,544,1240
1166,845,272,1117
1167,781,417,1198
1168,984,588,1572
1169,211,624,835
1170,610,186,796
1171,857,903,1760
1172,552,651,1203
1173,77,368,445
1174,639,35,674
1175,910,595,1505
1176,685,554,1239
1177,86,363,449
1178,444,342,786
1179,228,920,1148
1180,751,820,1571
1181,468,615,1083
1182,839,56,895
1183,539,973,1512
1184,875,221,1096
1185,623,610,1233
1186,144,659,803
1187,411,663,1074
1188,699,960,1659
1189,264,532,796
1190,821,41,862
1191,399,288,687
1192,125,766,891
1193,159,779,938
1194,877,923,1800
1195,910,431,1341
1196,644,645,1289
1197,148,677,825
1198,253,681,934
1199,629,940,1569
1200,866,11,877
1201,855,757,1612
1202,432,584,1016
1203,435,78,513
1204,17,855,872
1205,599,401,1000
1206,416,452,868
1207,18,194,212
1208,107,558,665
1209,881,287,1168
1210,877,127,1004
1211,863,888,1751
1212,487,462,949
1213,974,493,1467
1214,16,208,224
1215,643,537,1180
1216,80,801,881
1217,728,550,1278
1218,529,408,937
1219,550,134,684
1220,395,697,1092
1221,420,329,749
1222,59,186,245
1223,234,18,252
1224,840,957,1797
1225,952,132,1084
1226,52,946,998
1227,786,955,1741
1228,946,108,1054
1229,752,244,996
1230,823,678,1501
1231,505,751,1256
1232,118,486,604
1233,48,90,138
1234,518,756,1274
1235,807,583,1390
1236,248,339,587
1237,195,785,980
1238,123,564,687
1239,594,702,1296
1240,374,355,729
1241,319,153,472
1242,154,281,435
1243,44,871,915
1244,118,580,698
1245,22,970,992
1246,990,583,1573
1247,883,933,1816
1248,405,810,1215
1249,667,123,790
1250,437,256,693
1251,155,153,308
1252,982,474,1456
1253,955,61,1016
1254,727,864,1591
1255,784,606,1390
1256,16,291,307
1257,577,394,971
1258,573,426,999
1259,116,520,636
1260,772,345,1117
1261,295,364,659
1262,377,252,629
1263,960,34,994
1264,205,424,629
1265,284,820,1104
1266,347,66,413
1267,969,22,991
1268,555,882,1437
1269,434,282,716
1270,50,642,692
1271,54,482,536
1272,765,975,1740
1273,73,334,407
1274,964,175,1139
1275,46,384,430
1276,600,728,1328
1277,136,438,574
1278,710,733,1443
1279,380,100,480
1280,489,185,674
1281,199,754,953
1282,281,316,597
1283,949,938,1887
1284,595,584,1179
1285,414,194,608
1286,117,365,482
1287,77,449,526
1288,23,273,296
1289,544,538,1082
1290,24,940,964
1291,192,356,548
1292,946,41,987
1293,164,48,212
1294,729,748,1477
1295,446,903,1349
1296,528,892,1420
1297,184,509,693
1298,125,474,599
1299,271,192,463
1300,83,409,492
1301,239,391,630
1302,908,914,1822
1303,475,930,1405
1304,373,550,923
1305,648,764,1412
1306,85,663,748
1307,764,529,1293
1308,547,370,917
1309,80,275,355
1310,821,705,1526
1311,317,990,1307
1312,354,818,1172
1313,513,885,1398
1314,25,474,499
1315,277,41,318
1316,519,61,580
1317,797,804,1601
1318,637,890,1527
1319,493,620,1113
1320,871,861,1732
1321,927,751,1678
1322,565,341,906
1323,717,205,922
1324,260,545,805
1325,582,28,610
1326,230,735,965
1327,823,836,1659
1328,971,857,1828
1329,116,270,386
1330,862,477,1339
1331,784,756,1540
1332,413,233,646
1333,913,583,1496
1334,965,618,1583
1335,118,97,215
1336,434,77,511
1337,444,207,651
1338,238,82,320
1339,225,609,834
1340,591,723,1314
1341,585,204,789
1342,470,488,958
1343,314,49,363
1344,913,465,1378
1345,305,215,520
1346,664,84,748
1347,234,111,345
1348,574,838,1412
1349,430,804,1234
1350,863,405,1268
1351,431,125,556
1352,807,752,1559
1353,682,701,1383
1354,837,362,1199
1355,224,934,1158
1356,839,428,1267
1357,695,672,1367
1358,515,845,1360
1359,959,329,1288
1360,772,214,986
1361,87,833,920
1362,568,394,962
1363,128,141,269
1364,135,775,910
1365,258,761,1019
1366,624,115,739
1367,571,385,956
1368,30,304,334
1369,990,94,1084
1370,824,218,1042
1371,151,920,1071
1372,470,761,1231
1373,397,774,1171
1374,99,523,622
1375,654,16,670
1376,269,33,302
1377,338,938,1276
1378,440,37,477
1379,742,704,1446
1380,406,784,1190
1381,549,612,1161
1382,432,271,703
1383,328,337,665
1384,186,771,957
1385,462,911,1373
1386,488,633,1121
1387,917,322,1239
1388,964,627,1591
1389,84,684,768
1390,206,205,411
1391,985,424,1409
1392,70,801,871
1393,922,549,1471
1394,720,191,911
1395,509,648,1157
1396,649,266,915
1397,760,286,1046
1398,981,878,1859
1399,777,734,1511
1400,382,612,994
1401,29,21,50
1402,575,581,1156
1403,953,81,1034
1404,235,481,716
1405,336,522,858
1406,317,558,875
1407,22,350,372
1408,562,60,622
1409,627,732,1359
1410,907,387,1294
1411,355,262,617
1412,122,891,1013
1413,190,91,281
1414,87,902,989
1415,857,272,1129
1416,386,356,742
1417,486,505,991
1418,876,908,1784
1419,210,433,643
1420,632,601,1233
1421,304,217,521
1422,850,875,1725
1423,976,879,1855
1424,825,44,869
1425,381,526,907
1426,994,161,1155
1427,606,46,652
1428,979,482,1461
1429,857,517,1374
1430,794,731,1525
1431,296,265,561
1432,153,455,608
1433,635,310,945
1434,370,749,1119
1435,530,785,1315
1436,509,497,1006
1437,318,374,692
1438,755,873,1628
1439,687,305,992
1440,299,824,1123
1441,563,343,906
1442,841,64,905
1443,479,686,1165
1444,278,424,702
1445,314,265,579
1446,148,784,932
1447,521,726,1247
1448,271,138,409
1449,578,220,798
1450,453,227,680
1451,694,44,738
1452,636,702,1338
1453,669,661,1330
1454,578,908,1486
1455,432,145,577
1456,803,428,1231
1457,448,781,1229
1458,363,718,1081
1459,434,788,1222
1460,54,349,403
1461,498,355,853
1462,399,553,952
1463,672,61,733
1464,708,682,1390
1465,330,96,426
1466,540,567,1107
1467,44,353,397
1468,391,244,635
1469,875,651,1526
1470,22,315,337
1471,938,510,1448
1472,702,546,1248
1473,142,502,644
1474,553,580,1133
1475,401,359,760
1476,214,651,865
1477,590,418,1008
1478,551,497,1048
1479,202,987,1189
1480,124,857,981
1481,857,714,1571
1482,481,779,1260
1483,216,945,1161
1484,651,870,1521
1485,318,634,952
1486,385,492,877
1487,298,871,1169
1488,440,697,1137
1489,940,996,1936
1490,110,598,708
1491,538,655,1193
1492,168,386,554
1493,853,971,1824
1494,109,773,882
1495,331,749,1080
1496,340,829,1169
1497,51,386,437
1498,350,913,1263
1499,23,449,472
1500,123,87,210
1501,690,925,1615
1502,143,193,336
1503,150,927,1077
1504,471,254,725
1505,127,67,194
1506,47,223,270
1507,335,91,426
1508,580,896,1476
1509,733,583,1316
1510,21,192,213
1511,627,259,886
1512,86,40,126
1513,673,711,1384
1514,240,328,568
1515,497,560,1057
1516,691,852,1543
1517,985,785,1770
1518,780,972,1752
1519,317,713,1030
1520,468,679,1147
1521,852,439,1291
1522,336,900,1236
1523,480,693,1173
1524,140,409,549
1525,474,357,831
1526,523,132,655
1527,619,639,1258
1528,598,550,1148
1529,850,707,1557
1530,192,848,1040
1531,140,617,757
1532,865,182,1047
1533,834,190,1024
1534,563,398,961
1535,872,531,1403
1536,553,874,1427
1537,390,140,530
1538,653,356,1009
1539,366,934,1300
1540,369,739,1108
1541,544,332,876
1542,15,323,338
1543,391,589,980
1544,958,26,984
1545,350,834,1184
1546,132,762,894
1547,515,444,959
1548,539,667,1206
1549,786,612,1398
1550,108,356,464
1551,435,558,993
1552,464,232,696
1553,19,546,565
1554,740,217,957
1555,875,494,1369
1556,229,767,996
1557,302,836,1138
1558,9,817,826
1559,31,442,473
1560,650,446,1096
1561,60,263,323
1562,54,241,295
1563,831,378,1209
1564,922,162,1084
1565,763,369,1132
1566,630,385,1015
1567,943,811,1754
1568,982,943,1925
1569,474,477,951
1570,792,599,1391
1571,876,549,1425
1572,428,93,521
1573,497,237,734
1574,203,440,643
1575,154,715,869
1576,211,937,1148
1577,669,387,1056
1578,379,58,437
1579,56,459,515
1580,693,779,1472
1581,334,327,661
1582,470,197,667
1583,635,978,1613
1584,88,79,167
1585,44,614,658
1586,213,663,876
1587,125,147,272
1588,785,775,1560
1589,564,140,704
1590,963,542,1505
1591,507,596,1103
1592,214,676,890
1593,863,148,1011
1594,130,801,931
1595,32,747,779
1596,504,567,1071
1597,995,666,1661
1598,856,139,995
1599,1,626,627
1600,925,634,1559
1601,161,856,1017
1602,94,170,264
1603,125,729,854
1604,821,518,1339
1605,709,414,1123
1606,228,613,841
1607,923,767,1690
1608,696,109,805
1609,297,83,380
1610,949,561,1510
1611,646,99,745
1612,858,853,1711
1613,717,506,1223
1614,108,725,833
1615,70,336,406
1616,895,572,1467
1617,175,797,972
1618,377,737,1114
1619,48,390,438
1620,325,238,563
1621,79,358,437
1622,952,458,1410
1623,893,894,1787
1624,81,481,562
1625,824,364,1188
1626,614,764,1378
1627,489,643,1132
1628,525,661,1186
1629,827,105,932
1630,586,920,1506
1631,957,965,1922
1632,703,994,1697
1633,214,792,1006
1634,329,508,837
1635,523,278,801
1636,804,379,1183
1637,518,277,795
1638,199,384,583
1639,391,23,414
1640,425,989,1414
1641,232,409,641
1642,554,216,770
1643,379,521,900
1644,313,875,1188
1645,662,642,1304
1646,392,892,1284
1647,264,687,951
1648,255,259,514
1649,269,278,547
1650,223,722,945
1651,83,301,384
1652,84,524,608
1653,55,755,810
1654,703,161,864
1655,416,848,1264
1656,13,275,288
1657,84,60,144
1658,114,14,128
1659,488,576,1064
1660,996,311,1307
1661,560,611,1171
1662,800,870,1670
1663,560,799,1359
1664,669,492,1161
1665,246,746,992
1666,899,249,1148
1667,266,577,843
1668,568,423,991
1669,731,242,973
1670,689,248,937
1671,663,792,1455
1672,717,126,843
1673,151,254,405
1674,343,60,403
1675,665,554,1219
1676,119,595,714
1677,496,946,1442
1678,808,291,1099
1679,56,907,963
1680,445,229,674
1681,246,454,700
1682,137,7,144
1683,373,77,450
1684,807,334,1141
1685,116,755,871
1686,438,633,1071
1687,760,777,1537
1688,161,320,481
1689,323,28,351
1690,587,84,671
1691,9,254,263
1692,817,719,1536
1693,429,334,763
1694,99,249,348
1695,223,582,805
1696,927,795,1722
1697,397,525,922
1698,954,883,1837
1699,186,6,192
1700,588,532,1120
1701,787,751,1538
1702,812,951,1763
1703,839,368,1207
1704,505,707,1212
1705,687,707,1394
1706,779,136,915
1707,501,544,1045
1708,994,551,1545
1709,495,965,1460
1710,632,311,943
1711,999,635,1634
1712,842,391,1233
1713,217,462,679
1714,662,160,822
1715,42,754,796
1716,991,319,1310
1717,509,699,1208
1718,579,529,1108
1719,369,138,507
1720,121,95,216
1721,868,972,1840
1722,955,78,1033
1723,178,688,866
1724,64,356,420
1725,318,740,1058
1726,607,128,735
1727,808,927,1735
1728,336,210,546
1729,280,853,1133
1730,66,181,247
1731,222,318,540
1732,940,654,1594
1733,674,726,1400
1734,763,331,1094
1735,37,814,851
1736,549,692,1241
1737,727,619,1346
1738,732,843,1575
1739,660,986,1646
1740,248,42,290
1741,477,883,1360
1742,222,556,778
1743,305,250,555
1744,757,328,1085
1745,712,523,1235
1746,909,275,1184
1747,5,743,748
1748,74,340,414
1749,779,827,1606
1750,265,263,528
1751,398,139,537
1752,717,25,742
1753,531,409,940
1754,586,510,1096
1755,214,765,979
1756,468,67,535
1757,128,801,929
1758,667,511,1178
1759,532,764,1296
1760,714,511,1225
1761,286,55,341
1762,600,230,830
1763,310,966,1276
1764,915,331,1246
1765,80,478,558
1766,162,292,454
1767,999,719,1718
1768,100,792,892
1769,678,765,1443
1770,286,240,526
1771,3,551,554
1772,478,888,1366
1773,966,983,1949
1774,92,619,711
1775,342,61,403
1776,964,227,1191
1777,399,179,578
1778,102,858,960
1779,118,859,977
1780,341,235,576
1781,160,773,933
1782,161,787,948
1783,229,489,718
1784,470,979,1449
1785,189,262,451
1786,997,680,1677
1787,207,102,309
1788,861,112,973
1789,153,245,398
1790,718,82,800
1791,858,53,911
1792,257,441,698
1793,327,978,1305
1794,333,928,1261
1795,945,159,1104
1796,516,648,1164
1797,945,772,1717
1798,696,669,1365
1799,753,341,1094
1800,86,824,910
1801,263,93,356
1802,340,859,1199
1803,867,478,1345
1804,835,21,856
1805,493,598,1091
1806,722,814,1536
1807,777,610,1387
1808,924,201,1125
1809,907,723,1630
1810,326,351,677
1811,370,49,419
1812,71,749,820
1813,712,680,1392
1814,920,257,1177
1815,709,876,1585
1816,251,616,867
1817,946,910,1856
1818,330,930,1260
1819,608,251,859
1820,498,495,993
1821,527,147,674
1822,441,274,715
1823,337,720,1057
1824,839,729,1568
1825,20,324,344
1826,599,390,989
1827,261,203,464
1828,457,839,1296
1829,618,238,856
1830,10,24,34
1831,855,231,1086
1832,19,143,162
1833,199,611,810
1834,883,626,1509
1835,595,592,1187
1836,943,989,1932
1837,984,48,1032
1838,610,813,1423
1839,94,444,538
1840,424,405,829
1841,462,366,828
1842,23,23,46
1843,409,165,574
1844,763,597,1360
1845,277,808,1085
1846,899,89,988
1847,563,104,667
1848,923,697,1620
1849,298,443,741
1850,344,983,1327
1851,823,54,877
1852,75,887,962
1853,996,333,1329
1854,378,477,855
1855,229,843,1072
1856,183,95,278
1857,72,53,125
1858,914,292,1206
1859,901,894,1795
1860,782,526,1308
1861,791,450,1241
1862,435,951,1386
1863,676,13,689
1864,85,132,217
1865,382,274,656
1866,609,539,1148
1867,690,281,971
1868,177,400,577
1869,826,93,919
1870,569,715,1284
1871,468,227,695
1872,786,599,1385
1873,527,622,1149
1874,830,309,1139
1875,500,763,1263
1876,543,103,646
1877,148,967,1115
1878,232,760,992
1879,651,549,1200
1880,169,456,625
1881,309,737,1046
1882,352,942,1294
1883,595,185,780
1884,490,428,918
1885,303,931,1234
1886,438,389,827
1887,423,541,964
1888,986,778,1764
1889,957,145,1102
1890,567,509,1076
1891,911,46,957
1892,629,502,1131
1893,58,23,81
1894,33,371,404
1895,363,971,1334
1896,29,920,949
1897,276,524,800
1898,450,448,898
1899,573,368,941
1900,226,739,965
1901,302,551,853
1902,352,169,521
1903,567,692,1259
1904,954,470,1424
1905,722,816,1538
1906,212,384,596
1907,291,449,740
1908,997,964,1961
1909,99,431,530
1910,978,520,1498
1911,257,491,748
1912,828,577,1405
1913,87,98,185
1914,867,124,991
1915,331,584,915
1916,433,493,926
1917,972,587,1559
1918,368,16,384
1919,565,910,1475
1920,116,519,635
1921,655,471,1126
1922,720,939,1659
1923,446,945,1391
1924,949,691,1640
1925,77,442,519
1926,25,559,584
1927,954,283,1237
1928,539,24,563
1929,26,906,932
1930,976,984,1960
1931,676,553,1229
1932,889,268,1157
1933,16,507,523
1934,70,187,257
1935,930,744,1674
1936,914,105,1019
1937,397,731,1128
1938,275,825,1100
1939,980,266,1246
1940,710,492,1202
1941,227,793,1020
1942,58,848,906
1943,20,317,337
1944,686,681,1367
1945,409,993,1402
1946,679,582,1261
1947,211,39,250
1948,908,452,1360
1949,208,124,332
1950,886,52,938
1951,54,63,117
1952,603,555,1158
1953,315,782,1097
1954,558,802,1360
1955,438,85,523
1956,724,162,886
1957,618,570,1188
1958,372,531,903
1959,104,604,708
1960,749,828,1577
1961,642,467,1109
1962,784,71,855
1963,281,672,953
1964,865,444,1309
1965,429,738,1167
1966,875,651,1526
1967,666,51,717
1968,594,456,1050
1969,880,997,1877
1970,108,9,117
1971,197,436,633
1972,525,82,607
1973,326,9,335
1974,194,749,943
1975,653,417,1070
1976,158,76,234
1977,597,815,1412
1978,158,908,1066
1979,360,280,640
1980,939,981,1920
1981,681,169,850
1982,448,882,1330
1983,606,0,606
1984,601,748,1349
1985,217,196,413
1986,527,723,1250
1987,71,813,884
1988,998,719,1717
1989,962,140,1102
1990,10,176,186
1991,472,414,886
1992,712,973,1685
1993,289,595,884
1994,452,628,1080
1995,740,59,799
1996,618,895,1513
1997,109,475,584
1998,316,830,1146
1999,381,799,1180
2000,836,790,1626
2001,154,666,820
2002,49,758,807
2003,483,295,778
2004,207,869,1076
2005,593,636,1229
2006,174,596,770
2007,69,113,182
2008,372,863,1235
2009,900,353,1253
2010,501,344,845
2011,733,64,797
2012,854,18,872
2013,128,964,1092
2014,531,793,1324
2015,338,753,1091
2016,254,554,808
2017,481,730,1211
2018,433,420,853
2019,587,424,1011
2020,852,882,1734
2021,11,615,626
2022,744,1,745
2023,122,138,260
2024,307,852,1159
2025,863,851,1714
2026,769,752,1521
2027,359,963,1322
2028,939,222,1161
2029,788,963,1751
2030,948,731,1679
2031,580,453,1033
2032,538,338,876
2033,570,164,734
2034,908,145,1053
2035,652,332,984
2036,316,349,665
2037,907,94,1001
2038,400,145,545
2039,962,851,1813
2040,64,906,970
2041,187,164,351
2042,29,843,872
2043,449,456,905
2044,710,752,1462
2045,651,967,1618
2046,708,149,857
2047,14,907,921
2048,914,832,1746
2049,205,341,546
2050,442,980,1422
2051,106,233,339
2052,383,324,707
2053,17,123,140
2054,56,767,823
2055,2,767,769
2056,937,590,1527
2057,956,986,1942
2058,655,104,759
2059,147,341,488
2060,830,79,909
2061,278,242,520
2062,704,309,1013
2063,952,390,1342
2064,942,864,1806
2065,628,197,825
2066,904,363,1267
2067,626,89,715
2068,627,545,1172
2069,896,453,1349
2070,856,977,1833
2071,443,0,443
2072,530,465,995
2073,957,112,1069
2074,6,421,427
2075,372,642,1014
2076,627,593,1220
2077,733,156,889
2078,153,434,587
2079,384,154,538
2080,536,252,788
2081,532,907,1439
2082,173,457,630
2083,511,996,1507
2084,245,977,1222
2085,590,364,954
2086,211,355,566
2087,411,558,969
2088,456,1,457
2089,571,311,882
2090,153,764,917
2091,85,379,464
2092,284,803,1087
2093,454,425,879
2094,89,163,252
2095,193,996,1189
2096,96,680,776
2097,964,471,1435
2098,600,463,1063
2099,724,136,860
2100,490,258,748
2101,85,633,718
2102,837,6,843
2103,320,633,953
2104,439,154,593
2105,272,90,362
2106,166,268,434
2107,739,293,1032
2108,85,719,804
2109,726,299,1025
2110,932,537,1469
2111,862,60,922
2112,589,233,822
2113,298,927,1225
2114,94,604,698
2115,692,237,929
2116,513,567,1080
2117,166,311,477
2118,553,997,1550
2119,966,128,1094
2120,795,951,1746
2121,458,245,703
2122,743,672,1415
2123,112,200,312
2124,897,431,1328
2125,12,993,1005
2126,912,208,1120
2127,160,189,349
2128,772,786,1558
2129,339,852,1191
2130,650,176,826
2131,403,934,1337
2132,448,781,1229
2133,631,459,1090
2134,485,996,1481
2135,989,995,1984
2136,811,254,1065
2137,315,791,1106
2138,80,76,156
2139,681,843,1524
2140,178,570,748
2141,294,228,522
2142,280,492,772
2143,409,170,579
2144,867,547,1414
2145,656,41,697
2146,616,114,730
2147,971,296,1267
2148,43,990,1033
2149,768,258,1026
2150,408,918,1326
2151,170,624,794
2152,85,289,374
2153,126,76,202
2154,151,210,361
2155,793,433,1226
2156,655,837,1492
2157,152,977,1129
2158,492,946,1438
2159,287,617,904
2160,404,18,422
2161,706,142,848
2162,507,898,1405
2163,54,877,931
2164,560,120,680
2165,821,411,1232
2166,819,747,1566
2167,226,385,611
2168,696,787,1483
2169,292,203,495
2170,189,597,786
2171,932,753,1685
2172,410,150,560
2173,757,814,1571
2174,231,2,233
2175,720,615,1335
2176,904,430,1334
2177,604,169,773
2178,472,438,910
2179,341,61,402
2180,559,922,1481
2181,447,458,905
2182,539,159,698
2183,579,973,1552
2184,747,260,1007
2185,830,212,1042
2186,560,955,1515
2187,161,713,874
2188,695,67,762
2189,54,9,63
2190,515,121,636
2191,428,195,623
2192,168,512,680
2193,470,805,1275
2194,14,21,35
2195,733,18,751
2196,920,477,1397
2197,790,843,1633
2198,383,674,1057
2199,682,847,1529
2200,633,285,918
2201,688,145,833
2202,942,962,1904
2203,719,813,1532
2204,536,63,599
2205,951,530,1481
2206,760,916,1676
2207,495,81,576
2208,833,956,1789
2209,818,297,1115
2210,476,856,1332
2211,603,655,1258
2212,94,900,994
2213,662,783,1445
2214,440,652,1092
2215,319,314,633
2216,74,109,183
2217,717,77,794
2218,254,760,1014
2219,409,983,1392
2220,473,217,690
2221,985,45,1030
2222,441,629,1070
2223,746,908,1654
2224,208,210,418
2225,212,107,319
2226,80,48,128
2227,336,942,1278
2228,277,213,490
2229,929,729,1658
2230,650,250,900
2231,877,483,1360
2232,579,362,941
2233,671,976,1647
2234,467,502,969
2235,433,235,668
2236,691,742,1433
2237,752,835,1587
2238,684,168,852
2239,470,135,605
2240,494,931,1425
2241,777,646,1423
2242,920,363,1283
2243,765,45,810
2244,229,841,1070
2245,906,124,1030
2246,128,356,484
2247,638,667,1305
2248,624,196,820
2249,602,556,1158
2250,528,274,802
2251,661,61,722
2252,684,849,1533
2253,923,6,929
2254,722,193,915
2255,926,221,1147
2256,251,544,795
2257,765,750,1515
2258,385,890,1275
2259,975,378,1353
2260,485,197,682
2261,410,125,535
2262,641,907,1548
2263,788,138,926
2264,362,928,1290
2265,841,528,1369
2266,2,294,296
2267,272,314,586
2268,424,486,910
2269,390,99,489
2270,202,169,371
2271,776,908,1684
2272,908,947,1855
2273,401,491,892
2274,962,840,1802
2275,371,230,601
2276,22,804,826
2277,414,396,810
2278,103,152,255
2279,7,896,903
2280,529,349,878
2281,983,807,1790
2282,469,31,500
2283,356,670,1026
2284,864,76,940
2285,216,301,517
2286,793,650,1443
2287,19,82,101
2288,470,851,1321
2289,296,777,1073
2290,249,835,1084
2291,180,907,1087
2292,295,862,1157
2293,321,979,1300
2294,430,722,1152
2295,598,401,999
2296,752,741,1493
2297,399,867,1266
2298,329,703,1032
2299,198,897,1095
2300,25,680,705
2301,301,705,1006
2302,428,775,1203
2303,370,950,1320
2304,123,630,753
2305,208,689,897
2306,979,299,1278
2307,779,752,1531
2308,881,892,1773
2309,200,127,327
2310,817,522,1339
2311,202,941,1143
2312,55,428,483
2313,648,208,856
2314,457,772,1229
2315,190,960,1150
2316,583,784,1367
2317,139,68,207
2318,966,847,1813
2319,151,464,615
2320,447,281,728
2321,652,706,1358
2322,574,892,1466
2323,679,88,767
2324,728,411,1139
2325,571,699,1270
2326,417,156,573
2327,101,565,666
2328,782,563,1345
2329,764,609,1373
2330,147,32,179
2331,103,387,490
2332,36,794,830
2333,716,405,1121
2334,433,895,1328
2335,847,852,1699
2336,566,510,1076
2337,112,165,277
2338,696,497,1193
2339,262,152,414
2340,73,196,269
2341,839,614,1453
2342,783,825,1608
2343,587,74,661
2344,32,9,41
2345,567,654,1221
2346,788,278,1066
2347,338,300,638
2348,850,962,1812
2349,939,743,1682
2350,926,957,1883
2351,829,274,1103
2352,724,208,932
2353,269,280,549
2354,367,682,1049
2355,318,550,868
2356,318,90,408
2357,999,238,1237
2358,261,858,1119
2359,441,255,696
2360,853,81,934
2361,600,579,1179
2362,944,135,1079
2363,165,253,418
2364,676,370,1046
2365,227,299,526
2366,144,644,788
2367,141,241,382
2368,359,603,962
2369,884,46,930
2370,616,353,969
2371,865,464,1329
2372,839,284,1123
2373,736,905,1641
2374,477,672,1149
2375,188,850,1038
2376,549,252,801
2377,517,187,704
2378,149,137,286
2379,935,799,1734
2380,337,19,356
2381,851,935,1786
2382,379,995,1374
2383,192,345,537
2384,330,911,1241
2385,659,42,701
2386,934,636,1570
2387,933,408,1341
2388,698,79,777
2389,74,615,689
2390,871,138,1009
2391,592,625,1217
2392,156,756,912
2393,985,196,1181
2394,259,925,1184
2395,151,109,260
2396,364,921,1285
2397,798,244,1042
2398,5,521,526
2399,608,632,1240
2400,924,514,1438
2401,281,794,1075
2402,166,212,378
2403,687,450,1137
2404,87,711,798
2405,75,972,1047
2406,537,111,648
2407,739,957,1696
2408,859,693,1552
2409,644,962,1606
2410,786,938,1724
2411,847,911,1758
2412,798,498,1296
2413,965,813,1778
2414,545,350,895
2415,66,800,866
2416,594,407,1001
2417,298,633,931
2418,349,713,1062
2419,921,230,1151
2420,674,437,1111
2421,78,917,995
2422,826,888,1714
2423,176,106,282
2424,357,33,390
2425,106,305,411
2426,226,336,562
2427,231,119,350
2428,808,662,1470
2429,949,103,1052
2430,967,629,1596
2431,957,200,1157
2432,975,918,1893
2433,79,680,759
2434,453,917,1370
2435,915,625,1540
2436,8,931,939
2437,999,724,1723
2438,848,431,1279
2439,348,782,1130
2440,603,582,1185
2441,278,400,678
2442,61,722,783
2443,465,521,986
2444,700,715,1415
2445,404,651,1055
2446,130,382,512
2447,837,603,1440
2448,929,256,1185
2449,546,77,623
2450,582,159,741
2451,582,661,1243
2452,29,376,405
2453,708,423,1131
2454,781,658,1439
2455,592,954,1546
2456,704,144,848
2457,979,763,1742
2458,575,298,873
2459,639,497,1136
2460,858,580,1438
2461,283,582,865
2462,467,135,602
2463,549,128,677
2464,978,263,1241
2465,314,435,749
2466,50,489,539
2467,634,358,992
2468,797,227,1024
2469,271,210,481
2470,811,321,1132
2471,160,162,322
2472,696,944,1640
2473,86,138,224
2474,775,664,1439
2475,43,988,1031
2476,629,220,849
2477,343,697,1040
2478,624,696,1320
2479,580,501,1081
2480,334,980,1314
2481,948,127,1075
2482,678,787,1465
2483,365,826,1191
2484,918,884,1802
2485,703,951,1654
2486,6,911,917
2487,347,211,558
2488,670,471,1141
2489,512,868,1380
2490,649,172,821
2491,127,708,835
2492,809,291,1100
2493,715,707,1422
2494,237,833,1070
2495,443,982,1425
2496,730,417,1147
2497,907,758,1665
2498,35,143,178
2499,979,743,1722
2500,321,142,463
2501,555,308,863
2502,467,786,1253
2503,615,777,1392
2504,983,433,1416
2505,839,229,1068
2506,13,329,342
2507,248,659,907
2508,634,471,1105
2509,602,362,964
2510,296,626,922
2511,448,89,537
2512,542,49,591
2513,799,20,819
2514,116,892,1008
2515,294,528,822
2516,250,978,1228
2517,727,234,961
2518,318,443,761
2519,658,951,1609
2520,886,910,1796
2521,825,458,1283
2522,808,211,1019
2523,466,851,1317
2524,628,859,1487
2525,782,347,1129
2526,956,572,1528
2527,868,694,1562
2528,687,757,1444
2529,986,662,1648
2530,640,422,1062
2531,797,638,1435
2532,255,683,938
2533,66,87,153
2534,22,885,907
2535,969,497,1466
2536,376,370,746
2537,854,300,1154
2538,89,148,237
2539,931,650,1581
2540,544,870,1414
2541,802,870,1672
2542,445,71,516
2543,162,159,321
2544,686,879,1565
2545,154,121,275
2546,236,621,857
2547,478,364,842
2548,20,505,525
2549,991,857,1848
2550,270,231,501
2551,163,263,426
2552,817,551,1368
2553,928,730,1658
2554,756,759,1515
2555,12,998,1010
2556,745,682,1427
2557,664,28,692
2558,81,607,688
2559,925,41,966
2560,172,212,384
2561,289,803,1092
2562,343,809,1152
2563,938,920,1858
2564,196,817,1013
2565,955,547,1502
2566,335,168,503
2567,19,470,489
2568,770,958,1728
2569,981,696,1677
2570,890,537,1427
2571,260,698,958
2572,123,499,622
2573,340,587,927
2574,729,583,1312
2575,437,578,1015
2576,205,233,438
2577,148,381,529
2578,633,812,1445
2579,845,495,1340
2580,822,463,1285
2581,769,292,1061
2582,969,450,1419
2583,204,938,1142
2584,99,662,761
2585,628,858,1486
2586,761,76,837
2587,116,972,1088
2588,787,542,1329
2589,19,51,70
2590,782,942,1724
2591,460,850,1310
2592,856,352,1208
2593,971,885,1856
2594,696,443,1139
2595,858,899,1757
2596,299,599,898
2597,304,870,1174
2598,916,908,1824
2599,221,806,1027
2600,998,455,1453
2601,722,48,770
2602,447,907,1354
2603,793,756,1549
2604,98,221,319
2605,136,259,395
2606,120,542,662
2607,92,324,416
2608,374,8,382
2609,126,661,787
2610,240,348,588
2611,71,986,1057
2612,343,325,668
2613,320,502,822
2614,910,476,1386
2615,423,266,689
2616,570,825,1395
2617,211,796,1007
2618,735,304,1039
2619,508,738,1246
2620,9,435,444
2621,264,24,288
2622,360,95,455
2623,792,931,1723
2624,498,190,688
2625,566,807,1373
2626,411,567,978
2627,225,437,662
2628,207,300,507
2629,781,677,1458
2630,132,15,147
2631,740,433,1173
2632,337,680,1017
2633,805,218,1023
2634,866,327,1193
2635,602,966,1568
2636,705,226,931
2637,876,579,1455
2638,718,582,1300
2639,677,245,922
2640,815,743,1558
2641,552,908,1460
2642,151,881,1032
2643,254,108,362
2644,240,522,762
2645,991,343,1334
2646,826,124,950
2647,462,416,878
2648,675,344,1019
2649,5,341,346
2650,112,2,114
2651,577,411,988
2652,792,645,1437
2653,677,752,1429
2654,435,222,657
2655,924,497,1421
2656,95,828,923
2657,376,91,467
2658,335,922,1257
2659,500,905,1405
2660,558,265,823
2661,9,701,710
2662,58,396,454
2663,473,937,1410
2664,991,758,1749
2665,441,906,1347
2666,219,982,1201
2667,207,976,1183
2668,479,645,1124
2669,188,104,292
2670,700,79,779
2671,824,58,882
2672,595,673,1268
2673,394,712,1106
2674,25,624,649
2675,968,183,1151
2676,339,584,923
2677,644,695,1339
2678,763,612,1375
2679,731,299,1030
2680,531,993,1524
2681,802,376,1178
2682,162,667,829
2683,407,423,830
2684,357,335,692
2685,554,59,613
2686,195,200,395
2687,427,395,822
2688,699,193,892
2689,992,116,1108
2690,280,487,767
2691,448,981,1429
2692,36,520,556
2693,248,11,259
2694,788,605,1393
2695,312,806,1118
2696,702,872,1574
2697,760,960,1720
2698,837,97,934
2699,262,483,745
2700,188,289,477
2701,203,111,314
2702,855,919,1774
2703,530,834,1364
2704,917,631,1548
2705,481,129,610
2706,525,119,644
2707,407,757,1164
2708,426,359,785
2709,309,243,552
2710,744,275,1019
2711,425,506,931
2712,807,175,982
2713,903,602,1505
2714,644,180,824
2715,551,639,1190
2716,863,42,905
2717,38,266,304
2718,133,8,141
2719,890,608,1498
2720,912,630,1542
2721,173,947,1120
2722,363,112,475
2723,107,289,396
2724,860,613,1473
2725,507,34,541
2726,505,106,611
2727,138,118,256
2728,414,245,659
2729,516,678,1194
2730,179,205,384
2731,295,942,1237
2732,505,445,950
2733,369,384,753
2734,974,104,1078
2735,666,679,1345
2736,289,771,1060
2737,291,986,1277
2738,954,335,1289
2739,871,734,1605
2740,959,127,1086
2741,31,835,866
2742,957,74,1031
2743,521,949,1470
2744,733,260,993
2745,418,739,1157
2746,372,894,1266
2747,550,872,1422
2748,136,436,572
2749,344,208,552
2750,226,209,435
2751,322,588,910
2752,631,895,1526
2753,663,917,1580
2754,513,91,604
2755,769,993,1762
2756,694,878,1572
2757,207,8,215
2758,964,225,1189
2759,508,544,1052
2760,334,266,600
2761,767,405,1172
2762,621,200,821
2763,669,864,1533
2764,642,56,698
2765,978,238,1216
2766,172,561,733
2767,641,942,1583
2768,292,539,831
2769,496,701,1197
2770,163,700,863
2771,522,22,544
2772,586,489,1075
2773,119,281,400
2774,468,898,1366
2775,673,385,1058
2776,615,835,1450
2777,411,751,1162
2778,155,238,393
2779,244,676,920
2780,435,824,1259
2781,18,548,566
2782,812,171,983
2783,931,25,956
2784,791,608,1399
2785,453,519,972
2786,27,807,834
2787,770,557,1327
2788,564,565,1129
2789,860,405,1265
2790,918,590,1508
2791,376,845,1221
2792,26,747,773
2793,93,140,233
2794,496,742,1238
2795,536,762,1298
2796,176,261,437
2797,8,144,152
2798,219,106,325
2799,525,931,1456
2800,88,742,830
2801,487,472,959
2802,182,702,884
2803,58,855,913
2804,481,218,699
2805,264,946,1210
2806,945,284,1229
2807,65,867,932
2808,79,644,723
2809,514,357,871
2810,868,816,1684
2811,875,68,943
2812,628,392,1020
2813,494,237,731
2814,798,812,1610
2815,868,353,1221
2816,78,246,324
2817,935,641,1576
2818,915,53,968
2819,916,206,1122
2820,906,134,1040
2821,740,646,1386
2822,125,625,750
2823,30,813,843
2824,202,188,390
2825,160,982,1142
2826,178,395,573
2827,418,528,946
2828,24,423,447
2829,261,575,836
2830,345,5,350
2831,380,351,731
2832,464,953,1417
2833,643,198,841
2834,807,353,1160
2835,953,940,1893
2836,391,157,548
2837,546,436,982
2838,488,450,938
2839,5,666,671
2840,754,737,1491
2841,166,557,723
2842,797,499,1296
2843,188,642,830
2844,601,481,1082
2845,143,417,560
2846,881,620,1501
2847,955,905,1860
2848,730,360,1090
2849,258,555,813
2850,926,172,1098
2851,190,307,497
2852,712,509,1221
2853,335,442,777
2854,417,20,437
2855,726,232,958
2856,718,236,954
2857,527,12,539
2858,91,367,458
2859,437,820,1257
2860,276,118,394
2861,359,811,1170
2862,425,247,672
2863,56,402,458
2864,20,798,818
2865,610,979,1589
2866,420,838,1258
2867,565,304,869
2868,899,433,1332
2869,658,898,1556
2870,903,926,1829
2871,24,689,713
2872,42,726,768
2873,542,52,594
2874,28,158,186
2875,629,808,1437
2876,704,336,1040
2877,90,536,626
2878,794,411,1205
2879,704,62,766
2880,298,535,833
2881,829,196,1025
2882,48,176,224
2883,484,212,696
2884,96,809,905
2885,815,286,1101
2886,310,279,589
2887,899,449,1348
2888,720,4,724
2889,573,473,1046
2890,221,780,1001
2891,95,415,510
2892,250,997,1247
2893,982,879,1861
2894,622,484,1106
2895,127,271,398
2896,326,157,483
2897,420,363,783
2898,153,179,332
2899,606,496,1102
2900,940,866,1806
2901,280,395,675
2902,60,252,312
2903,130,152,282
2904,811,396,1207
2905,133,365,498
2906,233,306,539
2907,138,943,1081
2908,460,769,1229
2909,726,675,1401
2910,987,422,1409
2911,596,508,1104
2912,295,618,913
2913,297,517,814
2914,726,438,1164
2915,199,239,438
2916,827,669,1496
2917,754,290,1044
2918,705,277,982
2919,174,454,628
2920,763,496,1259
2921,678,445,1123
2922,953,857,1810
2923,442,821,1263
2924,495,439,934
2925,776,845,1621
2926,75,371,446
2927,416,224,640
2928,277,581,858
2929,167,242,409
2930,127,389,516
2931,194,112,306
2932,931,304,1235
2933,475,188,663
2934,932,465,1397
2935,991,494,1485
2936,65,647,712
2937,151,73,224
2938,661,857,1518
2939,100,298,398
2940,265,876,1141
2941,747,3,750
2942,186,831,1017
2943,50,167,217
2944,588,495,1083
2945,569,909,1478
2946,180,248,428
2947,630,971,1601
2948,51,560,611
2949,681,648,1329
2950,882,332,1214
2951,42,107,149
2952,852,86,938
2953,338,588,926
2954,790,699,1489
2955,794,661,1455
2956,728,121,849
2957,878,734,1612
2958,589,107,696
2959,397,530,927
2960,256,988,1244
2961,372,305,677
2962,605,59,664
2963,861,195,1056
2964,346,285,631
2965,301,169,470
2966,574,980,1554
2967,776,670,1446
2968,404,147,551
2969,549,558,1107
2970,770,632,1402
2971,379,792,1171
2972,509,415,924
2973,320,874,1194
2974,865,705,1570
2975,774,616,1390
2976,926,517,1443
2977,242,648,890
2978,787,325,1112
2979,744,455,1199
2980,450,609,1059
2981,897,790,1687
2982,218,844,1062
2983,636,409,1045
2984,880,770,1650
2985,848,271,1119
2986,467,308,775
2987,76,438,514
2988,69,138,207
2989,672,376,1048
2990,211,185,396
2991,665,360,1025
2992,312,827,1139
2993,956,263,1219
2994,617,757,1374
2995,679,221,900
2996,607,798,1405
2997,835,274,1109
2998,672,447,1119
2999,509,519,1028
3000,510,377,887
3001,258,238,496
3002,738,23,761
3003,407,445,852
3004,693,964,1657
3005,494,600,1094
3006,333,826,1159
3007,582,48,630
3008,963,798,1761
3009,965,968,1933
3010,979,485,1464
3011,542,758,1300
3012,721,497,1218
3013,350,38,388
3014,243,848,1091
3015,572,90,662
3016,356,844,1200
3017,829,275,1104
3018,644,2,646
3019,384,471,855
3020,749,254,1003
3021,929,447,1376
3022,741,545,1286
3023,712,276,988
3024,289,535,824
3025,498,741,1239
3026,80,530,610
3027,820,682,1502
3028,571,901,1472
3029,273,933,1206
3030,599,637,1236
3031,511,592,1103
3032,358,193,551
3033,407,276,683
3034,56,831,887
3035,308,441,749
3036,164,806,970
3037,491,989,1480
3038,442,356,798
3039,895,743,1638
3040,637,941,1578
3041,969,11,980
3042,447,728,1175
3043,136,751,887
3044,998,133,1131
3045,842,472,1314
3046,202,884,1086
3047,852,958,1810
3048,685,392,1077
3049,486,169,655
3050,747,483,1230
3051,166,585,751
3052,519,782,1301
3053,504,768,1272
3054,263,640,903
3055,498,821,1319
3056,841,962,1803
3057,30,527,557
3058,18,181,199
3059,507,974,1481
3060,356,713,1069
3061,26,191,217
3062,570,804,1374
3063,263,708,971
3064,216,147,363
3065,189,590,779
3066,320,96,416
3067,43,254,297
3068,0,847,847
3069,618,745,1363
3070,724,573,1297
3071,104,978,1082
3072,17,175,192
3073,819,46,865
3074,95,819,914
3075,31,36,67
3076,535,224,759
3077,506,58,564
3078,628,728,1356
3079,936,507,1443
3080,953,855,1808
3081,740,366,1106
3082,226,85,311
3083,906,815,1721
3084,498,728,1226
3085,486,64,550
3086,456,39,495
3087,341,121,462
3088,977,112,1089
3089,73,931,1004
3090,364,501,865
3091,495,391,886
3092,737,68,805
3093,733,157,890
3094,728,679,1407
3095,678,788,1466
3096,892,115,1007
3097,336,259,595
3098,215,232,447
3099,55,309,364
3100,887,424,1311
3101,302,461,763
3102,619,351,970
3103,723,524,1247
3104,836,647,1483
3105,628,54,682
3106,710,901,1611
3107,205,15,220
3108,90,765,855
3109,863,413,1276
3110,72,65,137
3111,805,783,1588
3112,711,781,1492
3113,956,971,1927
3114,573,737,1310
3115,325,477,802
3116,211,675,886
3117,627,757,1384
3118,930,799,1729
3119,740,115,855
3120,894,211,1105
3121,982,25,1007
3122,35,731,766
3123,350,535,885
3124,774,722,1496
3125,323,965,1288
3126,303,539,842
3127,276,925,1201
3128,953,215,1168
3129,130,637,767
3130,395,202,597
3131,721,677,1398
3132,418,429,847
3133,991,735,1726
3134,713,432,1145
3135,125,303,428
3136,75,675,750
3137,150,587,737
3138,602,758,1360
3139,188,402,590
3140,946,866,1812
3141,581,870,1451
3142,845,521,1366
3143,519,838,1357
3144,569,4,573
3145,307,184,491
3146,166,186,352
3147,833,636,1469
3148,764,575,1339
3149,109,799,908
3150,0,413,413
3151,531,657,1188
3152,368,5,373
3153,497,144,641
3154,159,718,877
3155,745,257,1002
3156,68,500,568
3157,316,572,888
3158,807,252,1059
3159,816,459,1275
3160,22,74,96
3161,474,949,1423
3162,869,878,1747
3163,152,640,792
3164,735,423,1158
3165,635,269,904
3166,442,47,489
3167,862,292,1154
3168,905,250,1155
3169,286,57,343
3170,496,365,861
3171,414,600,1014
3172,700,420,1120
3173,639,492,1131
3174,232,463,695
3175,169,89,258
3176,188,343,531
3177,345,168,513
3178,530,54,584
3179,47,183,230
3180,686,834,1520
3181,557,986,1543
3182,704,452,1156
3183,708,508,1216
3184,705,171,876
3185,310,380,690
3186,530,546,1076
3187,362,126,488
3188,354,256,610
3189,647,66,713
3190,288,866,1154
3191,983,795,1778
3192,420,205,625
3193,237,445,682
3194,378,125,503
3195,408,361,769
3196,714,522,1236
3197,769,295,1064
3198,467,998,1465
3199,192,538,730
3200,536,897,1433
3201,179,263,442
3202,210,939,1149
3203,592,753,1345
3204,60,708,768
3205,54,607,661
3206,150,119,269
3207,215,717,932
3208,934,813,1747
3209,713,848,1561
3210,955,17,972
3211,202,839,1041
3212,811,377,1188
3213,49,98,147
3214,73,553,626
3215,93,955,1048
3216,471,519,990
3217,460,665,1125
3218,328,564,892
3219,297,682,979
3220,479,25,504
3221,885,588,1473
3222,232,112,344
3223,300,125,425
3224,14,903,917
3225,713,406,1119
3226,828,758,1586
3227,210,577,787
3228,816,412,1228
3229,86,680,766
3230,641,411,1052
3231,110,954,1064
3232,541,94,635
3233,45,906,951
3234,630,234,864
3235,698,992,1690
3236,235,603,838
3237,190,698,888
3238,905,307,1212
3239,493,548,1041
3240,941,444,1385
3241,568,683,1251
3242,460,135,595
3243,217,674,891
3244,878,575,1453
3245,109,696,805
3246,692,224,916
3247,160,666,826
3248,719,871,1590
3249,19,269,288
3250,807,214,1021
3251,128,903,1031
3252,959,859,1818
3253,135,751,886
3254,310,825,1135
3255,580,910,1490
3256,245,855,1100
3257,415,162,577
3258,318,615,933
3259,356,439,795
3260,296,418,714
3261,345,269,614
3262,160,458,618
3263,512,537,1049
3264,228,174,402
3265,933,703,1636
3266,59,63,122
3267,438,393,831
3268,231,206,437
3269,621,178,799
3270,158,832,990
3271,225,411,636
3272,304,504,808
3273,187,269,456
3274,310,877,1187
3275,162,679,841
3276,45,62,107
3277,928,634,1562
3278,182,427,609
3279,356,824,1180
3280,645,772,1417
3281,845,210,1055
3282,586,152,738
3283,55,340,395
3284,284,58,342
3285,356,525,881
3286,445,760,1205
3287,612,794,1406
3288,186,116,302
3289,860,644,1504
3290,922,731,1653
3291,972,245,1217
3292,630,479,1109
3293,524,882,1406
3294,333,43,376
3295,48,758,806
3296,840,828,1668
3297,521,371,892
3298,235,420,655
3299,624,296,920
3300,103,499,602
3301,783,138,921
3302,167,125,292
3303,17,29,46
3304,603,716,1319
3305,634,247,881
3306,445,640,1085
3307,790,743,1533
3308,718,708,1426
3309,163,121,284
3310,215,764,979
3311,94,189,283
3312,473,758,1231
3313,564,584,1148
3314,128,457,585
3315,395,869,1264
3316,814,685,1499
3317,268,965,1233
3318,413,922,1335
3319,670,151,821
3320,536,358,894
3321,795,738,1533
3322,689,836,1525
3323,415,919,1334
3324,415,349,764
3325,136,618,754
3326,518,107,625
3327,630,889,1519
3328,237,168,405
3329,773,724,1497
3330,956,779,1735
3331,810,783,1593
3332,503,217,720
3333,346,631,977
3334,694,320,1014
3335,113,349,462
3336,141,318,459
3337,97,408,505
3338,575,565,1140
3339,412,571,983
3340,657,340,997
3341,893,704,1597
3342,591,225,816
3343,846,492,1338
3344,746,569,1315
3345,419,218,637
3346,430,856,1286
3347,941,932,1873
3348,721,768,1489
3349,472,453,925
3350,960,662,1622
3351,280,565,845
3352,752,57,809
3353,941,308,1249
3354,509,235,744
3355,331,331,662
3356,114,815,929
3357,833,570,1403
3358,591,519,1110
3359,319,361,680
3360,509,128,637
3361,471,872,1343
3362,987,967,1954
3363,872,175,1047
3364,675,442,1117
3365,159,858,1017
3366,877,484,1361
3367,242,480,722
3368,141,269,410
3369,107,564,671
3370,390,75,465
3371,224,35,259
3372,454,545,999
3373,518,877,1395
3374,269,729,998
3375,539,861,1400
3376,356,580,936
3377,913,813,1726
3378,262,565,827
3379,305,516,821
3380,457,211,668
3381,987,209,1196
3382,511,431,942
3383,286,672,958
3384,703,750,1453
3385,131,247,378
3386,743,373,1116
3387,130,65,195
3388,529,997,1526
3389,363,769,1132
3390,214,179,393
3391,715,456,1171
3392,40,339,379
3393,332,128,460
3394,461,846,1307
3395,877,402,1279
3396,151,323,474
3397,55,238,293
3398,797,488,1285
3399,607,55,662
3400,188,609,797
3401,940,129,1069
3402,716,726,1442
3403,360,926,1286
3404,725,392,1117
3405,368,939,1307
3406,322,29,351
3407,212,676,888
3408,535,788,1323
3409,65,227,292
3410,272,216,488
3411,537,292,829
3412,78,243,321
3413,361,876,1237
3414,790,733,1523
3415,201,466,667
3416,888,831,1719
3417,777,60,837
3418,388,253,641
3419,781,961,1742
3420,942,724,1666
3421,916,457,1373
3422,87,588,675
3423,379,408,787
3424,379,32,411
3425,66,520,586
3426,990,288,1278
3427,827,510,1337
3428,330,798,1128
3429,931,196,1127
3430,466,295,761
3431,298,539,837
3432,952,97,1049
3433,230,310,540
3434,18,604,622
3435,814,815,1629
3436,574,464,1038
3437,687,328,1015
3438,837,696,1533
3439,732,304,1036
3440,273,35,308
3441,764,205,969
3442,253,909,1162
3443,76,584,660
3444,560,18,578
3445,860,977,1837
3446,59,472,531
3447,477,311,788
3448,354,512,866
3449,648,185,833
3450,527,265,792
3451,392,115,507
3452,94,659,753
3453,922,347,1269
3454,152,420,572
3455,658,693,1351
3456,878,455,1333
3457,734,752,1486
3458,466,762,1228
3459,397,471,868
3460,278,63,341
3461,930,345,1275
3462,208,76,284
3463,489,651,1140
3464,678,663,1341
3465,400,528,928
3466,975,901,1876
3467,644,537,1181
3468,233,315,548
3469,983,985,1968
3470,79,935,1014
3471,875,997,1872
3472,784,473,1257
3473,975,381,1356
3474,455,236,691
3475,564,508,1072
3476,501,817,1318
3477,618,11,629
3478,624,738,1362
3479,149,716,865
3480,246,596,842
3481,214,231,445
3482,444,481,925
3483,257,233,490
3484,225,433,658
3485,916,588,1504
3486,219,422,641
3487,991,837,1828
3488,675,201,876
3489,712,244,956
3490,114,793,907
3491,486,282,768
3492,547,523,1070
3493,289,362,651
3494,861,658,1519
3495,101,476,577
3496,603,728,1331
3497,210,843,1053
3498,575,882,1457
3499,656,171,827
3500,748,496,1244
3501,997,706,1703
3502,218,665,883
3503,469,19,488
3504,72,262,334
3505,525,288,813
3506,711,315,1026
3507,139,407,546
3508,803,373,1176
3509,354,1,355
3510,153,995,1148
3511,478,226,704
3512,707,222,929
3513,754,482,1236
3514,425,100,525
3515,100,356,456
3516,466,284,750
3517,979,128,1107
3518,959,42,1001
3519,722,759,1481
3520,789,228,1017
3521,164,967,1131
3522,714,126,840
3523,374,632,1006
3524,458,239,697
3525,642,385,1027
3526,556,402,958
3527,858,843,1701
3528,227,663,890
3529,915,920,1835
3530,757,109,866
3531,343,61,404
3532,649,385,1034
3533,94,144,238
3534,952,637,1589
3535,555,860,1415
3536,744,879,1623
3537,481,168,649
3538,36,250,286
3539,789,950,1739
3540,755,905,1660
3541,11,822,833
3542,637,612,1249
3543,738,611,1349
3544,962,471,1433
3545,656,315,971
3546,13,254,267
3547,9,324,333
3548,91,896,987
3549,907,489,1396
3550,162,465,627
3551,737,130,867
3552,198,181,379
3553,276,388,664
3554,987,200,1187
3555,610,942,1552
3556,805,28,833
3557,324,822,1146
3558,367,27,394
3559,221,282,503
3560,545,769,1314
3561,243,15,258
3562,260,120,380
3563,156,350,506
3564,188,125,313
3565,995,841,1836
3566,362,363,725
3567,306,842,1148
3568,270,148,418
3569,811,319,1130
3570,840,56,896
3571,862,662,1524
3572,307,445,752
3573,874,722,1596
3574,637,106,743
3575,4,604,608
3576,287,390,677
3577,0,984,984
3578,219,450,669
3579,671,193,864
3580,933,428,1361
3581,443,989,1432
3582,639,617,1256
3583,472,642,1114
3584,151,911,1062
3585,217,936,1153
3586,947,457,1404
3587,350,297,647
3588,998,259,1257
3589,843,428,1271
3590,606,970,1576
3591,400,856,1256
3592,979,424,1403
3593,256,921,1177
3594,663,451,1114
3595,776,521,1297
3596,65,704,769
3597,341,199,540
3598,305,772,1077
3599,786,16,802
3600,11,695,706
3601,982,791,1773
3602,901,626,1527
3603,352,554,906
3604,818,376,1194
3605,861,234,1095
3606,740,101,841
3607,276,103,379
3608,827,762,1589
3609,881,280,1161
3610,603,745,1348
3611,671,70,741
3612,660,747,1407
3613,318,661,979
3614,742,688,1430
3615,857,147,1004
3616,786,443,1229
3617,950,37,987
3618,834,191,1025
3619,281,549,830
3620,248,310,558
3621,132,525,657
3622,583,920,1503
3623,208,806,1014
3624,719,709,1428
3625,821,880,1701
3626,377,199,576
3627,676,382,1058
3628,650,887,1537
3629,401,640,1041
3630,575,339,914
3631,246,330,576
3632,909,554,1463
3633,578,386,964
3634,578,278,856
3635,143,315,458
3636,19,563,582
3637,596,205,801
3638,696,498,1194
3639,747,706,1453
3640,706,871,1577
3641,402,781,1183
3642,113,696,809
3643,808,937,1745
3644,363,967,1330
3645,447,901,1348
3646,240,140,380
3647,931,354,1285
3648,703,585,1288
3649,388,616,1004
3650,609,721,1330
3651,749,635,1384
3652,914,905,1819
3653,218,557,775
3654,593,568,1161
3655,416,602,1018
3656,97,442,539
3657,264,607,871
3658,345,139,484
3659,413,692,1105
3660,512,434,946
3661,310,268,578
3662,936,602,1538
3663,159,186,345
3664,298,181,479
3665,714,130,844
3666,316,940,1256
3667,104,73,177
3668,276,912,1188
3669,316,113,429
3670,718,799,1517
3671,938,597,1535
3672,260,111,371
3673,513,154,667
3674,992,976,1968
3675,274,269,543
3676,724,483,1207
3677,686,538,1224
3678,484,138,622
3679,834,81,915
3680,456,91,547
3681,468,928,1396
3682,531,747,1278
3683,121,335,456
3684,250,870,1120
3685,697,881,1578
3686,733,506,1239
3687,429,599,1028
3688,458,884,1342
3689,488,810,1298
3690,173,591,764
3691,272,847,1119
3692,205,412,617
3693,702,505,1207
3694,616,496,1112
3695,34,537,571
3696,799,471,1270
3697,906,722,1628
3698,541,365,906
3699,962,393,1355
3700,115,222,337
3701,873,790,1663
3702,351,166,517
3703,387,432,819
3704,808,875,1683
3705,927,556,1483
3706,376,148,524
3707,473,610,1083
3708,795,52,847
3709,446,893,1339
3710,17,793,810
3711,892,840,1732
3712,876,210,1086
3713,212,314,526
3714,572,782,1354
3715,946,433,1379
3716,417,166,583
3717,300,27,327
3718,76,774,850
3719,466,922,1388
3720,767,296,1063
3721,696,415,1111
3722,486,71,557
3723,900,516,1416
3724,176,371,547
3725,273,612,885
3726,804,437,1241
3727,731,236,967
3728,649,207,856
3729,258,496,754
3730,518,418,936
3731,64,448,512
3732,455,651,1106
3733,839,623,1462
3734,381,406,787
3735,494,989,1483
3736,590,920,1510
3737,669,767,1436
3738,295,893,1188
3739,233,337,570
3740,774,925,1699
3741,423,242,665
3742,783,903,1686
3743,576,421,997
3744,30,444,474
3745,515,711,1226
3746,398,638,1036
3747,66,771,837
3748,743,249,992
3749,265,702,967
3750,990,203,1193
3751,688,14,702
3752,697,88,785
3753,253,854,1107
3754,720,716,1436
3755,101,659,760
3756,697,381,1078
3757,87,315,402
3758,757,746,1503
3759,35,268,303
3760,231,464,695
3761,733,346,1079
3762,606,773,1379
3763,221,719,940
3764,942,75,1017
3765,97,825,922
3766,511,955,1466
3767,365,467,832
3768,529,763,1292
3769,909,1,910
3770,367,319,686
3771,540,911,1451
3772,245,557,802
3773,177,810,987
3774,278,574,852
3775,930,927,1857
3776,619,124,743
3777,389,323,712
3778,324,283,607
3779,994,386,1380
3780,84,701,785
3781,640,802,1442
3782,49,233,282
3783,727,363,1090
3784,223,884,1107
3785,820,714,1534
3786,629,732,1361
3787,346,804,1150
3788,148,589,737
3789,940,832,1772
3790,210,706,916
3791,434,208,642
3792,889,386,1275
3793,488,415,903
3794,193,92,285
3795,242,144,386
3796,891,337,1228
3797,405,845,1250
3798,817,938,1755
3799,167,240,407
3800,656,573,1229
3801,809,557,1366
3802,312,528,840
3803,598,148,746
3804,333,6,339
3805,121,832,953
3806,78,179,257
3807,978,524,1502
3808,145,605,750
3809,744,679,1423
3810,168,385,553
3811,899,736,1635
3812,47,907,954
3813,857,985,1842
3814,134,862,996
3815,566,312,878
3816,510,951,1461
3817,481,533,1014
3818,343,574,917
3819,314,896,1210
3820,974,384,1358
3821,63,722,785
3822,903,881,1784
3823,763,751,1514
3824,350,632,982
3825,299,999,1298
3826,771,191,962
3827,306,758,1064
3828,225,158,383
3829,138,680,818
3830,184,532,716
3831,445,210,655
3832,309,529,838
3833,102,71,173
3834,492,32,524
3835,993,293,1286
3836,301,611,912
3837,793,624,1417
3838,220,195,415
3839,423,146,569
3840,397,951,1348
3841,112,142,254
3842,238,233,471
3843,975,331,1306
3844,561,153,714
3845,829,419,1248
3846,632,61,693
3847,561,617,1178
3848,899,222,1121
3849,384,519,903
3850,73,599,672
3851,515,320,835
3852,387,578,965
3853,795,905,1700
3854,91,19,110
3855,878,108,986
3856,434,77,511
3857,325,400,725
3858,171,448,619
3859,31,666,697
3860,829,196,1025
3861,319,153,472
3862,927,402,1329
3863,581,528,1109
3864,541,838,1379
3865,87,643,730
3866,499,921,1420
3867,93,120,213
3868,325,56,381
3869,197,839,1036
3870,117,469,586
3871,61,804,865
3872,761,476,1237
3873,287,797,1084
3874,760,561,1321
3875,713,618,1331
3876,225,253,478
3877,871,598,1469
3878,154,453,607
3879,481,154,635
3880,93,373,466
3881,942,460,1402
3882,137,602,739
3883,724,381,1105
3884,473,299,772
3885,115,692,807
3886,334,584,918
3887,343,750,1093
3888,931,103,1034
3889,131,414,545
3890,882,871,1753
3891,353,275,628
3892,628,516,1144
3893,905,531,1436
3894,351,503,854
3895,961,891,1852
3896,950,633,1583
3897,914,70,984
3898,17,38,55
3899,665,776,1441
3900,501,317,818
3901,141,345,486
3902,408,390,798
3903,643,651,1294
3904,552,526,1078
3905,804,650,1454
3906,154,139,293
3907,433,305,738
3908,538,520,1058
3909,0,740,740
3910,591,812,1403
3911,311,284,595
3912,873,511,1384
3913,558,805,1363
3914,852,895,1747
3915,629,202,831
3916,388,545,933
3917,823,981,1804
3918,58,278,336
3919,998,790,1788
3920,582,126,708
3921,527,487,1014
3922,928,649,1577
3923,727,842,1569
3924,397,29,426
3925,302,392,694
3926,490,408,898
3927,603,564,1167
3928,405,815,1220
3929,406,990,1396
3930,548,387,935
3931,878,89,967
3932,32,31,63
3933,453,461,914
3934,169,928,1097
3935,174,938,1112
3936,69,670,739
3937,462,314,776
3938,590,485,1075
3939,833,980,1813
3940,984,940,1924
3941,134,323,457
3942,124,680,804
3943,445,741,1186
3944,796,440,1236
3945,635,707,1342
3946,302,41,343
3947,328,981,1309
3948,84,97,181
3949,933,240,1173
3950,563,613,1176
3951,399,6,405
3952,459,716,1175
3953,488,814,1302
3954,533,392,925
3955,402,931,1333
3956,634,553,1187
3957,16,248,264
3958,544,600,1144
3959,847,208,1055
3960,746,302,1048
3961,335,875,1210
3962,667,482,1149
3963,845,692,1537
3964,81,290,371
3965,934,196,1130
3966,527,127,654
3967,497,185,682
3968,541,790,1331
3969,314,516,830
3970,217,858,1075
3971,856,122,978
3972,624,965,1589
3973,869,248,1117
3974,580,505,1085
3975,882,232,1114
3976,122,48,170
3977,445,787,1232
3978,722,122,844
3979,54,685,739
3980,476,560,1036
3981,81,157,238
3982,83,587,670
3983,365,810,1175
3984,911,604,1515
3985,45,203,248
3986,619,855,1474
3987,462,909,1371
3988,531,445,976
3989,488,369,857
3990,106,454,560
3991,279,518,797
3992,521,803,1324
3993,657,219,876
3994,139,523,662
3995,574,15,589
3996,172,590,762
3997,727,28,755
3998,511,120,631
3999,525,795,1320
4000,342,271,613
4001,729,782,1511
4002,291,755,1046
4003,595,9,604
4004,418,620,1038
4005,739,625,1364
4006,649,280,929
4007,551,445,996
4008,922,283,1205
4009,259,105,364
4010,5,823,828
4011,805,957,1762
4012,54,588,642
4013,224,505,729
4014,496,359,855
4015,253,550,803
4016,342,501,843
4017,526,521,1047
4018,668,776,1444
4019,872,795,1667
4020,64,899,963
4021,680,873,1553
4022,530,62,592
4023,469,514,983
4024,588,977,1565
4025,900,386,1286
4026,727,532,1259
4027,971,246,1217
4028,268,69,337
4029,694,128,822
4030,369,468,837
4031,34,601,635
4032,159,872,1031
4033,713,33,746
4034,519,441,960
4035,607,973,1580
4036,616,61,677
4037,962,85,1047
4038,917,699,1616
4039,231,463,694
4040,731,849,1580
4041,181,744,925
4042,14,512,526
4043,746,537,1283
4044,340,784,1124
4045,790,323,1113
4046,793,805,1598
4047,710,514,1224
4048,492,73,565
4049,382,112,494
4050,350,819,1169
4051,856,44,900
4052,17,273,290
4053,885,31,916
4054,782,649,1431
4055,329,656,985
4056,3,738,741
4057,66,913,979
4058,556,300,856
4059,755,34,789
4060,203,714,917
4061,629,599,1228
4062,19,421,440
4063,927,999,1926
4064,736,79,815
4065,798,619,1417
4066,351,835,1186
4067,867,874,1741
4068,970,715,1685
4069,643,717,1360
4070,643,649,1292
4071,262,413,675
4072,731,464,1195
4073,222,952,1174
4074,386,224,610
4075,791,472,1263
4076,174,299,473
4077,513,292,805
4078,990,21,1011
4079,633,129,762
4080,750,797,1547
4081,652,95,747
4082,39,365,404
4083,209,32,241
4084,694,482,1176
4085,362,730,1092
4086,368,744,1112
4087,683,370,1053
4088,803,788,1591
4089,316,770,1086
4090,185,998,1183
4091,99,581,680
4092,999,619,1618
4093,97,569,666
4094,249,326,575
4095,105,763,868
4096,421,377,798
4097,518,238,756
4098,276,709,985
4099,512,810,1322
4100,421,295,716
4101,726,397,1123
4102,742,631,1373
4103,588,794,1382
4104,942,506,1448
4105,997,457,1454
4106,445,408,853
4107,799,398,1197
4108,126,315,441
4109,427,406,833
4110,415,776,1191
4111,166,39,205
4112,148,304,452
4113,626,34,660
4114,659,260,919
4115,896,192,1088
4116,211,779,990
4117,910,133,1043
4118,293,381,674
4119,773,857,1630
4120,140,804,944
4121,208,545,753
4122,836,547,1383
4123,295,24,319
4124,321,753,1074
4125,133,804,937
4126,591,14,605
4127,220,842,1062
4128,312,593,905
4129,959,600,1559
4130,227,880,1107
4131,403,765,1168
4132,255,233,488
4133,568,176,744
4134,124,827,951
4135,921,186,1107
4136,966,610,1576
4137,310,884,1194
4138,438,376,814
4139,911,792,1703
4140,744,81,825
4141,395,404,799
4142,215,124,339
4143,4,64,68
4144,312,193,505
4145,632,920,1552
4146,930,482,1412
4147,853,764,1617
4148,368,449,817
4149,706,701,1407
4150,73,816,889
4151,814,832,1646
4152,964,483,1447
4153,269,655,924
4154,813,16,829
4155,292,600,892
4156,699,766,1465
4157,354,803,1157
4158,449,729,1178
4159,787,676,1463
4160,355,145,500
4161,977,913,1890
4162,693,656,1349
4163,757,95,852
4164,695,590,1285
4165,47,628,675
4166,877,528,1405
4167,558,327,885
4168,332,982,1314
4169,611,412,1023
4170,176,839,1015
4171,103,859,962
4172,436,105,541
4173,939,669,1608
4174,926,451,1377
4175,735,262,997
4176,529,754,1283
4177,786,431,1217
4178,586,537,1123
4179,972,322,1294
4180,557,271,828
4181,812,481,1293
4182,949,572,1521
4183,571,62,633
4184,403,110,513
4185,326,688,1014
4186,860,191,1051
4187,777,445,1222
4188,835,628,1463
4189,15,810,825
4190,902,558,1460
4191,621,519,1140
4192,110,444,554
4193,75,764,839
4194,250,689,939
4195,924,709,1633
4196,83,377,460
4197,119,41,160
4198,472,535,1007
4199,616,695,1311
4200,411,783,1194
4201,889,191,1080
4202,506,977,1483
4203,323,487,810
4204,5,293,298
4205,971,49,1020
4206,517,607,1124
4207,342,96,438
4208,140,401,541
4209,430,941,1371
4210,17,270,287
4211,517,911,1428
4212,258,55,313
4213,48,413,461
4214,393,568,961
4215,24,687,711
4216,728,740,1468
4217,781,418,1199
4218,943,941,1884
4219,311,670,981
4220,516,744,1260
4221,915,133,1048
4222,549,633,1182
4223,690,831,1521
4224,63,687,750
4225,825,986,1811
4226,672,629,1301
4227,518,750,1268
4228,552,929,1481
4229,97,686,783
4230,931,43,974
4231,62,873,935
4232,811,312,1123
4233,129,160,289
4234,746,580,1326
4235,141,776,917
4236,525,980,1505
4237,103,588,691
4238,490,542,1032
4239,70,594,664
4240,506,741,1247
4241,303,381,684
4242,69,43,112
4243,416,37,453
4244,722,340,1062
4245,491,90,581
4246,367,968,1335
4247,407,69,476
4248,244,767,1011
4249,628,637,1265
4250,609,527,1136
4251,473,737,1210
4252,674,655,1329
4253,838,202,1040
4254,282,630,912
4255,40,249,289
4256,333,716,1049
4257,819,450,1269
4258,14,226,240
4259,777,25,802
4260,488,560,1048
4261,429,599,1028
4262,86,199,285
4263,441,133,574
4264,467,545,1012
4265,311,993,1304
4266,415,921,1336
4267,877,151,1028
4268,234,118,352
4269,294,287,581
4270,876,92,968
4271,600,964,1564
4272,394,539,933
4273,744,981,1725
4274,155,773,928
4275,659,252,911
4276,325,786,1111
4277,449,612,1061
4278,583,197,780
4279,61,844,905
4280,673,818,1491
4281,402,290,692
4282,368,104,472
4283,444,888,1332
4284,806,110,916
4285,833,989,1822
4286,653,467,1120
4287,968,627,1595
4288,783,580,1363
4289,983,44,1027
4290,298,769,1067
4291,228,808,1036
4292,68,234,302
4293,729,573,1302
4294,684,343,1027
4295,973,779,1752
4296,381,415,796
4297,936,279,1215
4298,706,36,742
4299,190,862,1052
4300,608,98,706
4301,296,256,552
4302,665,748,1413
4303,671,376,1047
4304,751,287,1038
4305,763,683,1446
4306,677,296,973
4307,84,447,531
4308,957,663,1620
4309,308,550,858
4310,2,366,368
4311,472,6,478
4312,941,427,1368
4313,419,902,1321
4314,530,409,939
4315,789,435,1224
4316,821,788,1609
4317,491,546,1037
4318,242,348,590
4319,806,167,973
4320,702,858,1560
4321,224,910,1134
4322,873,502,1375
4323,678,166,844
4324,620,577,1197
4325,420,557,977
4326,972,737,1709
4327,889,20,909
4328,201,112,313
4329,457,626,1083
4330,92,736,828
4331,123,462,585
4332,447,855,1302
4333,965,973,1938
4334,918,401,1319
4335,895,432,1327
4336,485,874,1359
4337,811,486,1297
4338,407,706,1113
4339,394,962,1356
4340,119,190,309
4341,520,653,1173
4342,985,900,1885
4343,160,918,1078
4344,843,264,1107
4345,608,71,679
4346,959,327,1286
4347,458,403,861
4348,799,119,918
4349,403,703,1106
4350,408,900,1308
4351,771,690,1461
4352,881,971,1852
4353,127,552,679
4354,191,669,860
4355,165,849,1014
4356,648,774,1422
4357,974,688,1662
4358,693,96,789
4359,585,583,1168
4360,717,797,1514
4361,183,541,724
4362,661,986,1647
4363,946,284,1230
4364,513,227,740
4365,301,312,613
4366,527,594,1121
4367,153,484,637
4368,516,363,879
4369,53,658,711
4370,361,946,1307
4371,118,155,273
4372,984,721,1705
4373,407,935,1342
4374,891,194,1085
4375,222,764,986
4376,816,135,951
4377,759,35,794
4378,301,12,313
4379,929,517,1446
4380,171,948,1119
4381,824,190,1014
4382,870,750,1620
4383,321,380,701
4384,530,632,1162
4385,219,154,373
4386,298,572,870
4387,591,131,722
4388,890,311,1201
4389,74,793,867
4390,390,924,1314
4391,851,610,1461
4392,940,643,1583
4393,944,754,1698
4394,817,6,823
4395,201,608,809
4396,623,830,1453
4397,374,357,731
4398,663,682,1345
4399,633,123,756
4400,632,958,1590
4401,48,530,578
4402,321,376,697
4403,948,977,1925
4404,592,523,1115
4405,837,657,1494
4406,655,274,929
4407,897,557,1454
4408,548,717,1265
4409,472,316,788
4410,103,966,1069
4411,906,721,1627
4412,879,129,1008
4413,999,889,1888
4414,139,676,815
4415,409,904,1313
4416,442,510,952
4417,120,969,1089
4418,908,819,1727
4419,864,744,1608
4420,515,854,1369
4421,245,960,1205
4422,150,777,927
4423,795,59,854
4424,552,110,662
4425,716,294,1010
4426,563,951,1514
4427,916,455,1371
4428,344,695,1039
4429,843,89,932
4430,510,543,1053
4431,334,897,1231
4432,8,797,805
4433,171,399,570
4434,485,587,1072
4435,687,366,1053
4436,538,958,1496
4437,392,679,1071
4438,858,61,919
4439,195,957,1152
4440,822,331,1153
4441,442,347,789
4442,763,466,1229
4443,466,705,1171
4444,355,307,662
4445,164,221,385
4446,913,180,1093
4447,821,718,1539
4448,184,28,212
4449,546,504,1050
4450,88,945,1033
4451,45,82,127
4452,905,912,1817
4453,313,986,1299
4454,972,993,1965
4455,969,750,1719
4456,397,707,1104
4457,893,430,1323
4458,574,968,1542
4459,715,613,1328
4460,418,669,1087
4461,251,837,1088
4462,733,993,1726
4463,876,577,1453
4464,21,90,111
4465,313,43,356
4466,979,562,1541
4467,411,262,673
4468,169,876,1045
4469,245,558,803
4470,177,679,856
4471,19,945,964
4472,765,839,1604
4473,722,527,1249
4474,117,153,270
4475,438,385,823
4476,304,67,371
4477,896,984,1880
4478,188,425,613
4479,674,238,912
4480,700,933,1633
4481,492,613,1105
4482,599,593,1192
4483,409,207,616
4484,452,827,1279
4485,473,750,1223
4486,633,792,1425
4487,219,426,645
4488,101,646,747
4489,40,227,267
4490,388,621,1009
4491,719,503,1222
4492,90,76,166
4493,498,485,983
4494,984,990,1974
4495,718,490,1208
4496,869,30,899
4497,170,643,813
4498,610,33,643
4499,812,903,1715
4500,444,88,532
4501,101,524,625
4502,9,586,595
4503,565,853,1418
4504,301,16,317
4505,183,367,550
4506,590,625,1215
4507,403,676,1079
4508,567,517,1084
4509,418,414,832
4510,553,127,680
4511,443,460,903
4512,788,690,1478
4513,726,733,1459
4514,784,17,801
4515,57,350,407
4516,721,675,1396
4517,949,173,1122
4518,282,316,598
4519,980,591,1571
4520,787,593,1380
4521,538,632,1170
4522,237,63,300
4523,669,731,1400
4524,545,438,983
4525,385,976,1361
4526,384,288,672
4527,75,840,915
4528,14,966,980
4529,995,210,1205
4530,470,917,1387
4531,394,42,436
4532,944,698,1642
4533,614,164,778
4534,191,613,804
4535,26,688,714
4536,789,940,1729
4537,279,736,1015
4538,72,702,774
4539,66,786,852
4540,696,705,1401
4541,173,371,544
4542,468,74,542
4543,263,653,916
4544,967,205,1172
4545,768,453,1221
4546,163,850,1013
4547,151,545,696
4548,673,156,829
4549,173,602,775
4550,722,311,1033
4551,132,473,605
4552,487,767,1254
4553,727,903,1630
4554,181,803,984
4555,316,34,350
4556,883,730,1613
4557,392,117,509
4558,440,245,685
4559,396,689,1085
4560,967,844,1811
4561,678,777,1455
4562,929,286,1215
4563,120,919,1039
4564,810,586,1396
4565,355,274,629
4566,934,607,1541
4567,388,830,1218
4568,800,767,1567
4569,968,21,989
4570,86,121,207
4571,46,51,97
4572,539,112,651
4573,31,835,866
4574,771,582,1353
4575,24,818,842
4576,828,877,1705
4577,844,497,1341
4578,799,143,942
4579,99,561,660
4580,415,191,606
4581,352,409,761
4582,24,950,974
4583,989,854,1843
4584,495,750,1245
4585,580,995,1575
4586,341,939,1280
4587,621,227,848
4588,919,666,1585
4589,510,483,993
4590,705,516,1221
4591,563,819,1382
4592,549,131,680
4593,349,955,1304
4594,121,521,642
4595,22,432,454
4596,651,643,1294
4597,351,553,904
4598,70,136,206
4599,684,74,758
4600,511,170,681
4601,755,846,1601
4602,450,76,526
4603,387,892,1279
4604,698,581,1279
4605,181,579,760
4606,26,72,98
4607,158,889,1047
4608,254,642,896
4609,186,401,587
4610,620,208,828
4611,50,943,993
4612,687,65,752
4613,609,120,729
4614,771,698,1469
4615,809,107,916
4616,654,158,812
4617,827,635,1462
4618,598,132,730
4619,926,984,1910
4620,783,328,1111
4621,341,10,351
4622,806,264,1070
4623,125,740,865
4624,338,234,572
4625,26,299,325
4626,565,946,1511
4627,806,20,826
4628,216,366,582
4629,527,396,923
4630,828,774,1602
4631,779,682,1461
4632,933,200,1133
4633,179,66,245
4634,568,59,627
4635,166,608,774
4636,972,407,1379
4637,489,674,1163
4638,641,113,754
4639,495,146,641
4640,661,843,1504
4641,394,392,786
4642,840,783,1623
4643,971,506,1477
4644,108,307,415
4645,715,45,760
4646,745,515,1260
4647,411,679,1090
4648,967,664,1631
4649,820,781,1601
4650,620,404,1024
4651,242,296,538
4652,320,975,1295
4653,716,799,1515
4654,832,496,1328
4655,26,43,69
4656,527,334,861
4657,951,372,1323
4658,328,874,1202
4659,387,648,1035
4660,996,507,1503
4661,902,823,1725
4662,928,84,1012
4663,303,260,563
4664,442,828,1270
4665,980,826,1806
4666,911,74,985
4667,223,574,797
4668,717,319,1036
4669,80,936,1016
4670,806,597,1403
4671,197,882,1079
4672,818,891,1709
4673,359,217,576
4674,217,341,558
4675,942,154,1096
4676,133,93,226
4677,385,321,706
4678,123,210,333
4679,321,514,835
4680,604,887,1491
4681,866,170,1036
4682,280,461,741
4683,95,151,246
4684,442,487,929
4685,83,938,1021
4686,723,248,971
4687,178,367,545
4688,752,970,1722
4689,972,162,1134
4690,294,57,351
4691,628,987,1615
4692,51,191,242
4693,775,211,986
4694,546,383,929
4695,183,484,667
4696,696,482,1178
4697,154,823,977
4698,334,542,876
4699,545,870,1415
4700,511,159,670
4701,977,167,1144
4702,249,986,1235
4703,666,238,904
4704,879,220,1099
4705,571,896,1467
4706,393,497,890
4707,664,330,994
4708,98,791,889
4709,205,117,322
4710,247,199,446
4711,963,920,1883
4712,766,835,1601
4713,259,238,497
4714,853,834,1687
4715,242,568,810
4716,977,837,1814
4717,721,597,1318
4718,944,849,1793
4719,472,120,592
4720,551,925,1476
4721,630,996,1626
4722,159,678,837
4723,275,432,707
4724,111,586,697
4725,568,615,1183
4726,197,638,835
4727,491,458,949
4728,290,7,297
4729,874,779,1653
4730,34,303,337
4731,150,562,712
4732,566,686,1252
4733,987,505,1492
4734,610,158,768
4735,372,165,537
4736,662,563,1225
4737,576,131,707
4738,756,735,1491
4739,131,537,668
4740,614,60,674
4741,661,665,1326
4742,953,885,1838
4743,708,209,917
4744,999,483,1482
4745,261,100,361
4746,590,800,1390
4747,732,634,1366
4748,294,234,528
4749,501,568,1069
4750,526,881,1407
4751,914,981,1895
4752,468,655,1123
4753,475,278,753
4754,863,740,1603
4755,443,275,718
4756,655,636,1291
4757,345,888,1233
4758,31,813,844
4759,246,724,970
4760,876,311,1187
4761,815,361,1176
4762,962,446,1408
4763,490,749,1239
4764,353,726,1079
4765,476,658,1134
4766,192,925,1117
4767,163,814,977
4768,59,299,358
4769,598,843,1441
4770,210,858,1068
4771,513,556,1069
4772,16,220,236
4773,649,376,1025
4774,382,751,1133
4775,596,991,1587
4776,37,376,413
4777,50,898,948
4778,799,855,1654
4779,481,68,549
4780,414,851,1265
4781,705,928,1633
4782,899,139,1038
4783,234,688,922
4784,178,711,889
4785,803,673,1476
4786,854,312,1166
4787,464,272,736
4788,949,991,1940
4789,914,693,1607
4790,321,219,540
4791,673,985,1658
4792,838,232,1070
4793,326,464,790
4794,969,93,1062
4795,632,370,1002
4796,603,557,1160
4797,642,517,1159
4798,651,169,820
4799,792,965,1757
4800,172,867,1039
4801,840,730,1570
4802,256,802,1058
4803,911,698,1609
4804,478,976,1454
4805,195,960,1155
4806,952,552,1504
4807,26,145,171
4808,874,316,1190
4809,842,135,977
4810,138,703,841
4811,43,382,425
4812,533,503,1036
4813,545,268,813
4814,617,935,1552
4815,581,620,1201
4816,137,164,301
4817,569,907,1476
4818,193,733,926
4819,616,761,1377
4820,333,631,964
4821,824,3,827
4822,717,107,824
4823,450,625,1075
4824,443,605,1048
4825,204,411,615
4826,585,371,956
4827,746,758,1504
4828,844,286,1130
4829,92,225,317
4830,507,105,612
4831,479,562,1041
4832,940,563,1503
4833,372,88,460
4834,126,814,940
4835,252,904,1156
4836,299,693,992
4837,587,106,693
4838,265,846,1111
4839,660,830,1490
4840,839,826,1665
4841,721,364,1085
4842,306,147,453
4843,373,116,489
4844,62,884,946
4845,841,565,1406
4846,836,163,999
4847,636,567,1203
4848,812,154,966
4849,939,957,1896
4850,926,756,1682
4851,403,643,1046
4852,477,819,1296
4853,931,227,1158
4854,935,492,1427
4855,255,605,860
4856,458,745,1203
4857,703,502,1205
4858,813,75,888
4859,817,595,1412
4860,796,637,1433
4861,743,337,1080
4862,244,445,689
4863,526,586,1112
4864,429,265,694
4865,35,317,352
4866,561,688,1249
4867,694,437,1131
4868,977,50,1027
4869,373,698,1071
4870,971,326,1297
4871,340,271,611
4872,200,702,902
4873,744,971,1715
4874,25,305,330
4875,337,915,1252
4876,640,693,1333
4877,596,171,767
4878,146,812,958
4879,248,624,872
4880,557,233,790
4881,96,927,1023
4882,851,488,1339
4883,542,646,1188
4884,671,19,690
4885,180,499,679
4886,790,693,1483
4887,702,282,984
4888,79,240,319
4889,748,678,1426
4890,469,368,837
4891,845,679,1524
4892,686,453,1139
4893,824,320,1144
4894,621,298,919
4895,235,469,704
4896,917,0,917
4897,219,952,1171
4898,915,83,998
4899,894,1,895
4900,571,780,1351
4901,152,606,758
4902,628,767,1395
4903,597,365,962
4904,871,398,1269
4905,382,869,1251
4906,215,470,685
4907,974,799,1773
4908,687,815,1502
4909,744,396,1140
4910,650,71,721
4911,602,899,1501
4912,492,96,588
4913,949,178,1127
4914,181,165,346
4915,196,423,619
4916,306,552,858
4917,960,251,1211
4918,71,748,819
4919,461,93,554
4920,711,353,1064
4921,852,929,1781
4922,869,406,1275
4923,854,15,869
4924,251,380,631
4925,791,575,1366
4926,625,7,632
4927,531,705,1236
4928,460,96,556
4929,392,656,1048
4930,215,262,477
4931,617,199,816
4932,557,267,824
4933,486,866,1352
4934,722,17,739
4935,326,409,735
4936,234,140,374
4937,880,694,1574
4938,373,654,1027
4939,340,415,755
4940,473,256,729
4941,972,584,1556
4942,253,362,615
4943,502,24,526
4944,366,640,1006
4945,601,610,1211
4946,467,804,1271
4947,759,870,1629
4948,702,93,795
4949,567,375,942
4950,842,747,1589
4951,24,475,499
4952,904,600,1504
4953,332,344,676
4954,575,371,946
4955,792,536,1328
4956,815,376,1191
4957,692,963,1655
4958,564,228,792
4959,47,234,281
4960,938,853,1791
4961,376,663,1039
4962,233,753,986
4963,34,279,313
4964,777,899,1676
4965,107,614,721
4966,399,961,1360
4967,905,989,1894
4968,930,382,1312
4969,932,657,1589
4970,6,911,917
4971,660,73,733
4972,839,867,1706
4973,950,666,1616
4974,179,859,1038
4975,318,690,1008
4976,511,428,939
4977,89,193,282
4978,222,958,1180
4979,215,932,1147
4980,693,832,1525
4981,804,969,1773
4982,1,65,66
4983,179,755,934
4984,267,443,710
4985,803,784,1587
4986,342,282,624
4987,343,631,974
4988,715,245,960
4989,336,367,703
4990,641,187,828
4991,3,283,286
4992,126,290,416
4993,74,609,683
4994,141,708,849
4995,686,102,788
4996,387,791,1178
4997,992,852,1844
4998,903,503,1406
4999,945,179,1124
5000,298,100,398
5001,890,427,1317
5002,566,43,609
5003,582,869,1451
5004,154,942,1096
5005,164,531,695
5006,343,924,1267
5007,98,20,118
5008,842,168,1010
5009,820,196,1016
5010,545,507,1052
5011,865,76,941
5012,173,766,939
5013,101,845,946
5014,88,301,389
5015,201,195,396
5016,531,547,1078
5017,161,818,979
5018,69,527,596
5019,563,251,814
5020,627,729,1356
5021,28,619,647
5022,646,732,1378
5023,150,74,224
5024,694,879,1573
5025,498,617,1115
5026,800,983,1783
5027,775,972,1747
5028,544,534,1078
5029,653,44,697
5030,396,141,537
5031,302,10,312
5032,196,872,1068
5033,791,467,1258
5034,621,386,1007
5035,503,440,943
5036,825,712,1537
5037,574,105,679
5038,496,148,644
5039,235,881,1116
5040,863,770,1633
5041,19,277,296
5042,817,945,1762
5043,427,469,896
5044,740,301,1041
5045,170,540,710
5046,311,652,963
5047,51,294,345
5048,18,197,215
5049,474,628,1102
5050,654,383,1037
5051,587,140,727
5052,209,558,767
5053,434,219,653
5054,243,405,648
5055,398,844,1242
5056,628,130,758
5057,983,621,1604
5058,354,79,433
5059,607,264,871
5060,832,768,1600
5061,122,849,971
5062,473,429,902
5063,746,319,1065
5064,466,165,631
5065,198,358,556
5066,876,226,1102
5067,173,0,173
5068,461,280,741
5069,66,101,167
5070,319,783,1102
5071,159,496,655
5072,16,181,197
5073,150,330,480
5074,493,41,534
5075,791,443,1234
5076,558,822,1380
5077,615,393,1008
5078,903,418,1321
5079,820,213,1033
5080,72,423,495
5081,562,289,851
5082,785,682,1467
5083,581,87,668
5084,985,853,1838
5085,840,184,1024
5086,145,657,802
5087,221,171,392
5088,388,839,1227
5089,85,467,552
5090,149,418,567
5091,419,885,1304
5092,932,828,1760
5093,217,320,537
5094,223,914,1137
5095,372,573,945
5096,292,555,847
5097,471,69,540
5098,241,604,845
5099,321,967,1288
5100,878,746,1624
5101,736,525,1261
5102,709,377,1086
5103,257,148,405
5104,423,666,1089
5105,400,252,652
5106,292,43,335
5107,279,499,778
5108,740,23,763
5109,801,985,1786
5110,483,930,1413
5111,293,258,551
5112,176,990,1166
5113,556,117,673
5114,73,708,781
5115,861,833,1694
5116,113,696,809
5117,62,130,192
5118,538,381,919
5119,975,341,1316
5120,923,185,1108
5121,520,241,761
5122,349,265,614
5123,945,335,1280
5124,437,841,1278
5125,600,93,693
5126,188,771,959
5127,289,336,625
5128,4,120,124
5129,264,327,591
5130,389,163,552
5131,830,74,904
5132,250,372,622
5133,242,33,275
5134,854,826,1680
5135,317,771,1088
5136,503,177,680
5137,776,956,1732
5138,920,390,1310
5139,593,323,916
5140,982,302,1284
5141,352,750,1102
5142,382,365,747
5143,519,813,1332
5144,691,674,1365
5145,482,770,1252
5146,440,580,1020
5147,79,394,473
5148,933,353,1286
5149,266,492,758
5150,29,268,297
5151,514,405,919
5152,485,125,610
5153,984,496,1480
5154,536,642,1178
5155,775,586,1361
5156,802,119,921
5157,940,450,1390
5158,891,547,1438
5159,921,77,998
5160,767,37,804
5161,488,155,643
5162,979,415,1394
5163,105,90,195
5164,811,395,1206
5165,424,817,1241
5166,844,660,1504
5167,605,462,1067
5168,35,712,747
5169,934,317,1251
5170,143,211,354
5171,179,408,587
5172,928,632,1560
5173,160,984,1144
5174,319,109,428
5175,665,746,1411
5176,593,133,726
5177,512,363,875
5178,332,915,1247
5179,555,213,768
5180,787,280,1067
5181,726,646,1372
5182,110,954,1064
5183,899,733,1632
5184,716,113,829
5185,716,389,1105
5186,734,524,1258
5187,543,287,830
5188,46,393,439
5189,905,142,1047
5190,697,869,1566
5191,352,114,466
5192,493,332,825
5193,352,944,1296
5194,600,935,1535
5195,451,204,655
5196,296,822,1118
5197,76,829,905
5198,88,774,862
5199,539,842,1381
5200,355,271,626
5201,124,611,735
5202,554,49,603
5203,84,773,857
5204,469,119,588
5205,956,460,1416
5206,827,418,1245
5207,760,715,1475
5208,346,839,1185
5209,967,859,1826
5210,756,19,775
5211,785,239,1024
5212,731,780,1511
5213,644,733,1377
5214,786,754,1540
5215,244,40,284
5216,406,361,767
5217,179,817,996
5218,6,182,188
5219,365,74,439
5220,991,128,1119
5221,580,941,1521
5222,942,230,1172
5223,428,782,1210
5224,167,727,894
5225,840,609,1449
5226,536,829,1365
5227,596,34,630
5228,923,707,1630
5229,83,938,1021
5230,480,926,1406
5231,816,968,1784
5232,413,809,1222
5233,775,465,1240
5234,27,583,610
5235,793,62,855
5236,112,178,290
5237,135,698,833
5238,875,332,1207
5239,512,219,731
5240,390,567,957
5241,813,978,1791
5242,909,300,1209
5243,934,461,1395
5244,657,149,806
5245,412,906,1318
5246,763,881,1644
5247,865,775,1640
5248,62,171,233
5249,842,662,1504
5250,623,981,1604
5251,270,413,683
5252,188,0,188
5253,568,659,1227
5254,371,583,954
5255,588,519,1107
5256,296,807,1103
5257,681,338,1019
5258,803,125,928
5259,254,337,591
5260,485,778,1263
5261,980,320,1300
5262,207,431,638
5263,317,465,782
5264,145,184,329
5265,71,237,308
5266,206,345,551
5267,537,971,1508
5268,438,310,748
5269,778,127,905
5270,884,143,1027
5271,546,586,1132
5272,680,903,1583
5273,465,819,1284
5274,3,308,311
5275,312,216,528
5276,618,17,635
5277,711,894,1605
5278,265,387,652
5279,291,908,1199
5280,18,305,323
5281,781,903,1684
5282,257,12,269
5283,750,16,766
5284,996,407,1403
5285,135,570,705
5286,924,517,1441
5287,472,325,797
5288,722,371,1093
5289,926,271,1197
5290,545,863,1408
5291,229,754,983
5292,978,268,1246
5293,612,126,738
5294,296,617,913
5295,561,187,748
5296,666,356,1022
5297,560,186,746
5298,987,767,1754
5299,852,28,880
5300,756,833,1589
5301,604,290,894
5302,994,315,1309
5303,740,446,1186
5304,502,198,700
5305,80,516,596
5306,617,245,862
5307,984,126,1110
5308,708,771,1479
5309,219,328,547
5310,795,872,1667
5311,250,111,361
5312,447,470,917
5313,299,541,840
5314,915,719,1634
5315,230,462,692
5316,345,588,933
5317,707,210,917
5318,823,407,1230
5319,628,947,1575
5320,928,263,1191
5321,114,104,218
5322,516,599,1115
5323,890,764,1654
5324,141,751,892
5325,877,578,1455
5326,541,407,948
5327,435,491,926
5328,411,330,741
5329,801,699,1500
5330,833,214,1047
5331,416,898,1314
5332,850,757,1607
5333,75,892,967
5334,111,12,123
5335,189,233,422
5336,30,506,536
5337,257,132,389
5338,474,20,494
5339,44,64,108
5340,748,205,953
5341,87,951,1038
5342,352,349,701
5343,102,788,890
5344,934,699,1633
5345,15,118,133
5346,188,430,618
5347,364,870,1234
5348,589,238,827
5349,594,388,982
5350,857,446,1303
5351,931,801,1732
5352,420,260,680
5353,433,851,1284
5354,183,891,1074
5355,23,980,1003
5356,693,661,1354
5357,79,606,685
5358,240,790,1030
5359,259,307,566
5360,977,323,1300
5361,445,751,1196
5362,4,170,174
5363,191,975,1166
5364,661,182,843
5365,938,871,1809
5366,879,737,1616
5367,300,633,933
5368,687,431,1118
5369,540,436,976
5370,932,666,1598
5371,610,275,885
5372,437,591,1028
5373,105,266,371
5374,128,543,671
5375,600,742,1342
5376,464,685,1149
5377,183,219,402
5378,146,698,844
5379,892,774,1666
5380,734,227,961
5381,57,346,403
5382,546,168,714
5383,274,170,444
5384,199,483,682
5385,54,753,807
5386,535,612,1147
5387,77,657,734
5388,550,638,1188
5389,958,283,1241
5390,519,507,1026
5391,863,338,1201
5392,849,212,1061
5393,934,728,1662
5394,844,616,1460
5395,91,281,372
5396,835,447,1282
5397,695,607,1302
5398,840,236,1076
5399,689,174,863
5400,709,532,1241
5401,579,0,579
5402,312,904,1216
5403,490,192,682
5404,446,680,1126
5405,680,419,1099
5406,763,730,1493
5407,838,46,884
5408,50,742,792
5409,509,547,1056
5410,85,509,594
5411,726,464,1190
5412,272,582,854
5413,897,927,1824
5414,651,334,985
5415,141,584,725
5416,585,693,1278
5417,746,956,1702
5418,958,413,1371
5419,104,73,177
5420,703,259,962
5421,908,533,1441
5422,423,507,930
5423,273,392,665
5424,555,939,1494
5425,792,342,1134
5426,645,675,1320
5427,356,290,646
5428,336,761,1097
5429,457,573,1030
5430,919,981,1900
5431,924,258,1182
5432,42,741,783
5433,722,15,737
5434,320,84,404
5435,728,984,1712
5436,606,398,1004
5437,465,285,750
5438,842,211,1053
5439,875,255,1130
5440,961,111,1072
5441,265,698,963
5442,184,327,511
5443,394,395,789
5444,726,295,1021
5445,300,788,1088
5446,612,769,1381
5447,267,882,1149
5448,937,30,967
5449,569,842,1411
5450,251,384,635
5451,866,73,939
5452,228,711,939
5453,767,783,1550
5454,91,434,525
5455,988,151,1139
5456,680,277,957
5457,966,327,1293
5458,375,37,412
5459,181,214,395
5460,327,742,1069
5461,229,804,1033
5462,276,256,532
5463,391,919,1310
5464,195,259,454
5465,452,469,921
5466,144,246,390
5467,220,295,515
5468,235,390,625
5469,959,714,1673
5470,411,66,477
5471,678,354,1032
5472,679,724,1403
5473,222,241,463
5474,911,73,984
5475,640,597,1237
5476,259,453,712
5477,467,367,834
5478,582,603,1185
5479,257,98,355
5480,756,263,1019
5481,340,438,778
5482,354,876,1230
5483,807,461,1268
5484,808,542,1350
5485,214,278,492
5486,191,76,267
5487,789,47,836
5488,130,519,649
5489,38,224,262
5490,331,518,849
5491,215,127,342
5492,211,804,1015
5493,3,370,373
5494,359,50,409
5495,689,253,942
5496,594,914,1508
5497,227,432,659
5498,234,254,488
5499,104,195,299
5500,276,757,1033
5501,347,462,809
5502,582,51,633
5503,324,41,365
5504,581,322,903
5505,552,1,553
5506,910,214,1124
5507,227,160,387
5508,449,623,1072
5509,78,655,733
5510,530,185,715
5511,592,16,608
5512,551,123,674
5513,847,189,1036
5514,481,951,1432
5515,297,297,594
5516,710,60,770
5517,822,675,1497
5518,133,223,356
5519,108,785,893
5520,614,290,904
5521,774,258,1032
5522,765,398,1163
5523,695,587,1282
5524,792,77,869
5525,204,989,1193
5526,623,223,846
5527,513,830,1343
5528,329,921,1250
5529,635,424,1059
5530,130,908,1038
5531,583,977,1560
5532,676,453,1129
5533,648,767,1415
5534,267,51,318
5535,917,436,1353
5536,598,132,730
5537,316,352,668
5538,449,993,1442
5539,232,452,684
5540,789,86,875
5541,333,308,641
5542,951,612,1563
5543,562,68,630
5544,483,648,1131
5545,614,801,1415
5546,335,938,1273
5547,594,879,1473
5548,882,297,1179
5549,37,774,811
5550,567,172,739
5551,669,771,1440
5552,61,831,892
5553,170,13,183
5554,254,651,905
5555,482,683,1165
5556,81,146,227
5557,418,755,1173
5558,442,544,986
5559,542,211,753
5560,807,544,1351
5561,419,438,857
5562,213,950,1163
5563,79,834,913
5564,720,840,1560
5565,499,189,688
5566,571,205,776
5567,335,293,628
5568,668,338,1006
5569,469,983,1452
5570,971,414,1385
5571,975,119,1094
5572,159,244,403
5573,621,167,788
5574,308,777,1085
5575,121,566,687
5576,0,679,679
5577,781,267,1048
5578,51,478,529
5579,118,549,667
5580,164,440,604
5581,787,990,1777
5582,992,144,1136
5583,757,106,863
5584,777,454,1231
5585,683,311,994
5586,39,45,84
5587,820,691,1511
5588,406,597,1003
5589,448,259,707
5590,995,465,1460
5591,390,127,517
5592,194,916,1110
5593,126,834,960
5594,425,756,1181
5595,555,770,1325
5596,628,601,1229
5597,222,202,424
5598,184,944,1128
5599,567,143,710
5600,960,855,1815
5601,504,564,1068
5602,540,514,1054
5603,548,725,1273
5604,405,323,728
5605,706,755,1461
5606,993,991,1984
5607,845,675,1520
5608,521,305,826
5609,981,505,1486
5610,120,505,625
5611,857,7,864
5612,149,19,168
5613,525,543,1068
5614,572,488,1060
5615,500,935,1435
5616,774,360,1134
5617,99,313,412
5618,957,564,1521
5619,15,782,797
5620,800,160,960
5621,84,936,1020
5622,131,12,143
5623,262,625,887
5624,164,656,820
5625,277,470,747
5626,387,541,928
5627,41,317,358
5628,70,796,866
5629,663,610,1273
5630,483,167,650
5631,507,514,1021
5632,977,646,1623
5633,869,566,1435
5634,926,121,1047
5635,822,123,945
5636,495,42,537
5637,962,478,1440
5638,444,924,1368
5639,633,388,1021
5640,995,671,1666
5641,181,199,380
5642,796,175,971
5643,124,620,744
5644,708,163,871
5645,501,843,1344
5646,892,246,1138
5647,429,143,572
5648,529,667,1196
5649,77,406,483
5650,15,169,184
5651,67,449,516
5652,798,32,830
5653,459,729,1188
5654,335,249,584
5655,266,105,371
5656,576,57,633
5657,283,386,669
5658,280,588,868
5659,559,119,678
5660,0,586,586
5661,996,29,1025
5662,601,205,806
5663,12,935,947
5664,145,45,190
5665,756,164,920
5666,757,394,1151
5667,211,249,460
5668,232,135,367
5669,935,78,1013
5670,596,118,714
5671,976,631,1607
5672,912,157,1069
5673,701,377,1078
5674,255,750,1005
5675,785,628,1413
5676,661,47,708
5677,600,809,1409
5678,558,97,655
5679,389,476,865
5680,556,639,1195
5681,329,831,1160
5682,688,111,799
5683,207,40,247
5684,104,976,1080
5685,164,74,238
5686,213,150,363
5687,203,334,537
5688,616,176,792
5689,852,411,1263
5690,984,182,1166
5691,891,634,1525
5692,661,100,761
5693,65,642,707
5694,59,424,483
5695,129,113,242
5696,880,14,894
5697,984,590,1574
5698,353,490,843
5699,882,972,1854
5700,668,412,1080
5701,489,130,619
5702,783,89,872
5703,952,521,1473
5704,193,90,283
5705,10,77,87
5706,149,268,417
5707,663,186,849
5708,424,378,802
5709,844,433,1277
5710,887,225,1112
5711,138,343,481
5712,841,914,1755
5713,181,182,363
5714,464,748,1212
5715,280,644,924
5716,336,646,982
5717,409,688,1097
5718,61,953,1014
5719,949,877,1826
5720,548,54,602
5721,202,264,466
5722,250,53,303
5723,538,433,971
5724,544,603,1147
5725,242,784,1026
5726,959,433,1392
5727,816,592,1408
5728,698,885,1583
5729,715,485,1200
5730,464,107,571
5731,774,356,1130
5732,627,589,1216
5733,840,135,975
5734,328,651,979
5735,490,340,830
5736,525,219,744
5737,440,265,705
5738,835,576,1411
5739,237,683,920
5740,526,753,1279
5741,285,537,822
5742,92,505,597
5743,801,77,878
5744,572,918,1490
5745,839,565,1404
5746,52,938,990
5747,399,883,1282
5748,297,711,1008
5749,101,475,576
5750,96,703,799
5751,2,656,658
5752,158,385,543
5753,687,733,1420
5754,470,138,608
5755,305,303,608
5756,585,442,1027
5757,317,881,1198
5758,464,557,1021
5759,550,898,1448
5760,922,406,1328
5761,953,116,1069
5762,434,590,1024
5763,734,430,1164
5764,771,674,1445
5765,65,691,756
5766,976,295,1271
5767,727,600,1327
5768,959,429,1388
5769,402,198,600
5770,381,334,715
5771,422,892,1314
5772,395,831,1226
5773,730,743,1473
5774,460,355,815
5775,231,897,1128
5776,605,751,1356
5777,189,443,632
5778,336,872,1208
5779,867,995,1862
5780,93,885,978
5781,562,939,1501
5782,289,726,1015
5783,410,515,925
5784,953,41,994
5785,203,965,1168
5786,189,756,945
5787,85,447,532
5788,418,34,452
5789,810,930,1740
5790,573,763,1336
5791,16,403,419
5792,73,681,754
5793,416,968,1384
5794,333,650,983
5795,116,747,863
5796,290,446,736
5797,581,999,1580
5798,520,446,966
5799,277,709,986
5800,191,415,606
5801,68,965,1033
5802,567,956,1523
5803,107,691,798
5804,499,32,531
5805,194,343,537
5806,833,467,1300
5807,64,459,523
5808,208,988,1196
5809,594,87,681
5810,916,117,1033
5811,859,813,1672
5812,390,247,637
5813,257,386,643
5814,70,966,1036
5815,686,422,1108
5816,120,386,506
5817,547,732,1279
5818,428,464,892
5819,732,365,1097
5820,257,664,921
5821,652,95,747
5822,247,259,506
5823,644,880,1524
5824,944,139,1083
5825,635,476,1111
5826,768,517,1285
5827,621,745,1366
5828,971,344,1315
5829,814,523,1337
5830,377,278,655
5831,368,340,708
5832,517,609,1126
5833,283,317,600
5834,461,469,930
5835,205,188,393
5836,769,223,992
5837,849,804,1653
5838,52,489,541
5839,130,329,459
5840,24,115,139
5841,665,262,927
5842,476,964,1440
5843,637,982,1619
5844,98,579,677
5845,119,852,971
5846,190,907,1097
5847,222,497,719
5848,456,865,1321
5849,870,837,1707
5850,448,367,815
5851,10,460,470
5852,645,38,683
5853,0,65,65
5854,570,287,857
5855,846,457,1303
5856,801,992,1793
5857,18,281,299
5858,598,779,1377
5859,865,732,1597
5860,764,615,1379
5861,157,601,758
5862,219,198,417
5863,578,596,1174
5864,494,633,1127
5865,945,839,1784
5866,334,880,1214
5867,665,370,1035
5868,402,969,1371
5869,567,418,985
5870,794,59,853
5871,747,566,1313
5872,746,331,1077
5873,169,614,783
5874,7,58,65
5875,810,626,1436
5876,639,333,972
5877,8,641,649
5878,808,621,1429
5879,190,848,1038
5880,538,959,1497
5881,318,387,705
5882,628,189,817
5883,325,356,681
5884,414,29,443
5885,369,652,1021
5886,401,447,848
5887,268,379,647
5888,489,33,522
5889,902,493,1395
5890,769,793,1562
5891,260,596,856
5892,315,745,1060
5893,391,230,621
5894,251,267,518
5895,366,229,595
5896,770,159,929
5897,286,928,1214
5898,360,594,954
5899,961,178,1139
5900,170,176,346
5901,281,587,868
5902,804,950,1754
5903,824,0,824
5904,377,133,510
5905,359,330,689
5906,186,174,360
5907,138,316,454
5908,894,222,1116
5909,484,570,1054
5910,714,687,1401
5911,77,182,259
5912,768,964,1732
5913,280,776,1056
5914,371,391,762
5915,92,570,662
5916,151,994,1145
5917,651,842,1493
5918,796,25,821
5919,932,220,1152
5920,202,17,219
5921,27,414,441
5922,473,726,1199
5923,77,361,438
5924,602,993,1595
5925,747,413,1160
5926,130,516,646
5927,784,553,1337
5928,8,823,831
5929,996,625,1621
5930,346,20,366
5931,458,702,1160
5932,576,550,1126
5933,358,342,700
5934,674,179,853
5935,998,716,1714
5936,715,47,762
5937,87,430,517
5938,590,641,1231
5939,636,968,1604
5940,616,7,623
5941,834,447,1281
5942,980,335,1315
5943,267,933,1200
5944,827,746,1573
5945,614,460,1074
5946,460,18,478
5947,467,595,1062
5948,880,934,1814
5949,482,909,1391
5950,510,781,1291
5951,252,423,675
5952,641,265,906
5953,61,271,332
5954,692,877,1569
5955,269,92,361
5956,342,209,551
5957,349,999,1348
5958,907,49,956
5959,818,763,1581
5960,952,257,1209
5961,550,642,1192
5962,945,979,1924
5963,844,98,942
5964,253,495,748
5965,991,162,1153
5966,73,446,519
5967,374,677,1051
5968,806,476,1282
5969,447,320,767
5970,405,584,989
5971,489,792,1281
5972,115,564,679
5973,956,134,1090
5974,802,574,1376
5975,308,514,822
5976,498,179,677
5977,769,729,1498
5978,207,152,359
5979,993,873,1866
5980,232,707,939
5981,211,24,235
5982,563,926,1489
5983,643,162,805
5984,31,310,341
5985,36,101,137
5986,304,800,1104
5987,953,865,1818
5988,653,271,924
5989,542,147,689
5990,933,417,1350
5991,378,185,563
5992,4,842,846
5993,249,886,1135
5994,200,926,1126
5995,754,921,1675
5996,556,519,1075
5997,390,294,684
5998,973,766,1739
5999,406,184,590
6000,909,544,1453
6001,428,346,774
6002,61,359,420
6003,310,62,372
6004,322,174,496
6005,501,17,518
6006,152,509,661
6007,479,288,767
6008,864,765,1629
6009,612,462,1074
6010,625,108,733
6011,743,627,1370
6012,649,784,1433
6013,802,450,1252
6014,827,768,1595
6015,505,740,1245
6016,225,476,701
6017,364,801,1165
6018,9,129,138
6019,31,998,1029
6020,247,207,454
6021,930,574,1504
6022,208,296,504
6023,570,79,649
6024,554,845,1399
6025,216,849,1065
6026,183,1,184
6027,795,94,889
6028,93,83,176
6029,815,60,875
6030,548,926,1474
6031,453,67,520
6032,983,706,1689
6033,379,819,1198
6034,24,5,29
6035,874,776,1650
6036,199,750,949
6037,432,792,1224
6038,418,70,488
6039,356,766,1122
6040,323,110,433
6041,59,794,853
6042,454,563,1017
6043,32,227,259
6044,681,192,873
6045,209,284,493
6046,391,811,1202
6047,675,862,1537
6048,483,585,1068
6049,12,136,148
6050,982,738,1720
6051,650,99,749
6052,77,110,187
6053,194,285,479
6054,461,332,793
6055,276,870,1146
6056,299,496,795
6057,576,239,815
6058,129,613,742
6059,107,993,1100
6060,658,450,1108
6061,287,734,1021
6062,808,990,1798
6063,446,310,756
6064,871,335,1206
6065,655,931,1586
6066,828,308,1136
6067,705,114,819
6068,18,303,321
6069,230,824,1054
6070,153,274,427
6071,641,61,702
6072,150,993,1143
6073,705,327,1032
6074,705,33,738
6075,205,415,620
6076,121,468,589
6077,728,572,1300
6078,209,768,977
6079,170,592,762
6080,357,503,860
6081,662,37,699
6082,774,39,813
6083,93,198,291
6084,159,558,717
6085,198,418,616
6086,630,247,877
6087,343,553,896
6088,25,717,742
6089,402,221,623
6090,697,326,1023
6091,373,548,921
6092,674,304,978
6093,689,237,926
6094,80,821,901
6095,773,634,1407
6096,902,697,1599
6097,579,504,1083
6098,651,418,1069
6099,961,278,1239
6100,747,103,850
6101,945,805,1750
6102,602,581,1183
6103,829,916,1745
6104,896,81,977
6105,427,243,670
6106,650,228,878
6107,709,283,992
6108,403,601,1004
6109,802,549,1351
6110,963,342,1305
6111,466,817,1283
6112,955,586,1541
6113,800,409,1209
6114,842,12,854
6115,735,749,1484
6116,823,705,1528
6117,420,951,1371
6118,914,345,1259
6119,348,337,685
6120,509,700,1209
6121,596,388,984
6122,130,69,199
6123,949,300,1249
6124,481,939,1420
6125,81,316,397
6126,558,666,1224
6127,125,650,775
6128,519,833,1352
6129,312,429,741
6130,532,100,632
6131,516,853,1369
6132,430,126,556
6133,223,632,855
6134,618,858,1476
6135,22,96,118
6136,677,622,1299
6137,914,11,925
6138,485,831,1316
6139,2,265,267
6140,250,287,537
6141,170,146,316
6142,871,76,947
6143,290,477,767
6144,280,86,366
6145,194,534,728
6146,19,303,322
6147,13,665,678
6148,134,903,1037
6149,182,409,591
6150,814,68,882
6151,424,606,1030
6152,193,690,883
6153,167,761,928
6154,231,42,273
6155,504,865,1369
6156,962,349,1311
6157,400,523,923
6158,660,431,1091
6159,979,766,1745
6160,21,650,671
6161,431,56,487
6162,581,307,888
6163,303,993,1296
6164,847,745,1592
6165,859,121,980
6166,477,339,816
6167,769,854,1623
6168,518,301,819
6169,581,61,642
6170,14,965,979
6171,559,5,564
6172,506,353,859
6173,682,593,1275
6174,810,969,1779
6175,980,722,1702
6176,465,157,622
6177,807,601,1408
6178,83,46,129
6179,200,457,657
6180,627,389,1016
6181,688,137,825
6182,942,254,1196
6183,728,779,1507
6184,486,185,671
6185,768,119,887
6186,699,867,1566
6187,144,863,1007
6188,788,28,816
6189,333,887,1220
6190,784,975,1759
6191,678,218,896
6192,460,458,918
6193,671,263,934
6194,664,627,1291
6195,469,62,531
6196,63,993,1056
6197,349,362,711
6198,724,798,1522
6199,470,521,991
6200,456,34,490
6201,296,854,1150
6202,718,108,826
6203,972,507,1479
6204,634,680,1314
6205,685,574,1259
6206,13,720,733
6207,529,548,1077
6208,351,838,1189
6209,805,860,1665
6210,951,209,1160
6211,673,406,1079
6212,51,2,53
6213,81,553,634
6214,445,8,453
6215,559,505,1064
6216,232,868,1100
6217,775,267,1042
6218,230,512,742
6219,528,312,840
6220,422,469,891
6221,466,95,561
6222,927,660,1587
6223,59,993,1052
6224,621,474,1095
6225,866,40,906
6226,677,62,739
6227,98,421,519
6228,928,785,1713
6229,536,983,1519
6230,215,514,729
6231,986,313,1299
6232,596,629,1225
6233,195,610,805
6234,673,49,722
6235,559,285,844
6236,684,656,1340
6237,885,241,1126
6238,521,537,1058
6239,709,478,1187
6240,180,531,711
6241,555,694,1249
6242,220,688,908
6243,926,711,1637
6244,63,416,479
6245,850,418,1268
6246,42,662,704
6247,449,327,776
6248,336,924,1260
6249,80,643,723
6250,117,614,731
6251,173,742,915
6252,40,364,404
6253,882,517,1399
6254,835,738,1573
6255,49,722,771
6256,111,715,826
6257,591,524,1115
6258,676,264,940
6259,648,770,1418
6260,782,5,787
6261,477,562,1039
6262,880,440,1320
6263,697,356,1053
6264,100,591,691
6265,473,439,912
6266,826,220,1046
6267,608,814,1422
6268,698,786,1484
6269,186,616,802
6270,401,206,607
6271,289,626,915
6272,94,749,843
6273,278,824,1102
6274,238,650,888
6275,952,477,1429
6276,231,390,621
6277,471,574,1045
6278,382,788,1170
6279,946,11,957
6280,398,81,479
6281,770,890,1660
6282,178,324,502
6283,190,946,1136
6284,30,169,199
6285,611,879,1490
6286,12,49,61
6287,265,82,347
6288,488,640,1128
6289,288,727,1015
6290,835,541,1376
6291,14,153,167
6292,975,188,1163
6293,530,102,632
6294,997,924,1921
6295,637,626,1263
6296,880,35,915
6297,123,128,251
6298,214,752,966
6299,681,842,1523
6300,593,334,927
6301,652,555,1207
6302,606,318,924
6303,327,458,785
6304,908,297,1205
6305,59,252,311
6306,183,531,714
6307,304,310,614
6308,592,778,1370
6309,62,888,950
6310,617,993,1610
6311,666,42,708
6312,30,621,651
6313,854,360,1214
6314,541,113,654
6315,713,120,833
6316,424,632,1056
6317,978,315,1293
6318,223,672,895
6319,99,137,236
6320,282,206,488
6321,152,545,697
6322,764,115,879
6323,816,874,1690
6324,933,26,959
6325,318,312,630
6326,41,529,570
6327,992,972,1964
6328,848,39,887
6329,974,482,1456
6330,983,373,1356
6331,320,811,1131
6332,286,384,670
6333,850,635,1485
6334,925,819,1744
6335,547,777,1324
6336,218,694,912
6337,277,318,595
6338,964,501,1465
6339,900,371,1271
6340,966,665,1631
6341,661,943,1604
6342,571,2,573
6343,355,967,1322
6344,293,871,1164
6345,438,600,1038
6346,312,551,863
6347,757,300,1057
6348,286,709,995
6349,689,938,1627
6350,301,356,657
6351,394,738,1132
6352,795,481,1276
6353,532,183,715
6354,225,252,477
6355,892,2,894
6356,29,742,771
6357,298,949,1247
6358,740,870,1610
6359,616,377,993
6360,904,686,1590
6361,719,182,901
6362,808,502,1310
6363,83,262,345
6364,773,49,822
6365,31,184,215
6366,203,516,719
6367,271,406,677
6368,92,240,332
6369,672,565,1237
6370,356,237,593
6371,407,449,856
6372,995,314,1309
6373,111,921,1032
6374,465,626,1091
6375,632,192,824
6376,474,838,1312
6377,204,805,1009
6378,671,666,1337
6379,341,210,551
6380,337,648,985
6381,793,276,1069
6382,417,760,1177
6383,323,972,1295
6384,75,821,896
6385,662,319,981
6386,819,968,1787
6387,891,0,891
6388,859,724,1583
6389,839,970,1809
6390,525,276,801
6391,90,514,604
6392,865,273,1138
6393,462,99,561
6394,821,129,950
6395,680,627,1307
6396,703,306,1009
6397,26,127,153
6398,539,829,1368
6399,953,426,1379
6400,37,257,294
6401,848,389,1237
6402,480,431,911
6403,448,884,1332
6404,102,764,866
6405,542,121,663
6406,55,37,92
6407,32,659,691
6408,999,522,1521
6409,883,797,1680
6410,759,762,1521
6411,32,564,596
6412,106,57,163
6413,132,867,999
6414,580,220,800
6415,949,280,1229
6416,432,87,519
6417,335,357,692
6418,714,390,1104
6419,761,893,1654
6420,878,464,1342
6421,279,429,708
6422,11,643,654
6423,281,558,839
6424,975,506,1481
6425,51,765,816
6426,943,352,1295
6427,702,535,1237
6428,721,811,1532
6429,844,895,1739
6430,318,942,1260
6431,453,256,709
6432,761,484,1245
6433,578,260,838
6434,524,969,1493
6435,500,312,812
6436,452,50,502
6437,17,531,548
6438,861,187,1048
6439,368,558,926
6440,978,42,1020
6441,923,583,1506
6442,369,565,934
6443,988,455,1443
6444,584,48,632
6445,74,793,867
6446,527,10,537
6447,591,971,1562
6448,211,913,1124
6449,727,823,1550
6450,148,304,452
6451,716,846,1562
6452,613,362,975
6453,596,806,1402
6454,624,54,678
6455,179,380,559
6456,676,574,1250
6457,153,107,260
6458,268,864,1132
6459,971,372,1343
6460,77,82,159
6461,671,125,796
6462,73,799,872
6463,717,473,1190
6464,356,102,458
6465,496,324,820
6466,446,592,1038
6467,938,969,1907
6468,107,193,300
6469,365,218,583
6470,472,664,1136
6471,365,392,757
6472,588,227,815
6473,731,156,887
6474,843,946,1789
6475,558,737,1295
6476,417,305,722
6477,834,96,930
6478,5,857,862
6479,25,790,815
6480,861,209,1070
6481,545,103,648
6482,140,292,432
6483,384,989,1373
6484,446,100,546
6485,670,450,1120
6486,229,908,1137
6487,898,79,977
6488,101,755,856
6489,990,589,1579
6490,624,224,848
6491,109,210,319
6492,780,886,1666
6493,763,158,921
6494,914,192,1106
6495,0,566,566
6496,222,623,845
6497,239,177,416
6498,951,166,1117
6499,121,45,166
6500,231,531,762
6501,282,511,793
6502,751,876,1627
6503,153,168,321
6504,531,163,694
6505,387,544,931
6506,56,117,173
6507,741,954,1695
6508,353,144,497
6509,311,174,485
6510,460,613,1073
6511,816,138,954
6512,54,170,224
6513,197,775,972
6514,930,330,1260
6515,713,601,1314
6516,243,76,319
6517,684,971,1655
6518,534,37,571
6519,586,69,655
6520,147,780,927
6521,920,584,1504
6522,792,937,1729
6523,921,376,1297
6524,169,498,667
6525,593,891,1484
6526,718,975,1693
6527,640,232,872
6528,716,14,730
6529,938,975,1913
6530,63,626,689
6531,554,1,555
6532,767,817,1584
6533,913,0,913
6534,171,981,1152
6535,252,754,1006
6536,192,153,345
6537,763,645,1408
6538,928,4,932
6539,535,148,683
6540,64,107,171
6541,422,243,665
6542,773,174,947
6543,680,371,1051
6544,314,739,1053
6545,481,612,1093
6546,642,201,843
6547,967,453,1420
6548,651,278,929
6549,804,803,1607
6550,450,908,1358
6551,802,465,1267
6552,704,118,822
6553,996,362,1358
6554,724,131,855
6555,977,568,1545
6556,973,60,1033
6557,316,426,742
6558,823,132,955
6559,241,52,293
6560,37,976,1013
6561,819,958,1777
6562,285,805,1090
6563,28,436,464
6564,254,194,448
6565,893,581,1474
6566,190,838,1028
6567,350,438,788
6568,963,199,1162
6569,227,837,1064
6570,633,285,918
6571,764,680,1444
6572,492,463,955
6573,452,57,509
6574,126,475,601
6575,214,125,339
6576,455,335,790
6577,446,926,1372
6578,946,851,1797
6579,373,766,1139
6580,582,882,1464
6581,917,343,1260
6582,644,447,1091
6583,913,324,1237
6584,204,312,516
6585,855,418,1273
6586,373,305,678
6587,766,183,949
6588,582,477,1059
6589,541,805,1346
6590,615,629,1244
6591,114,418,532
6592,702,299,1001
6593,491,425,916
6594,765,640,1405
6595,851,875,1726
6596,960,534,1494
6597,497,778,1275
6598,831,828,1659
6599,317,304,621
6600,505,513,1018
6601,972,787,1759
6602,267,358,625
6603,736,74,810
6604,776,759,1535
6605,342,169,511
6606,845,125,970
6607,941,148,1089
6608,158,815,973
6609,711,791,1502
6610,497,433,930
6611,177,437,614
6612,184,863,1047
6613,536,37,573
6614,25,134,159
6615,968,607,1575
6616,923,233,1156
6617,145,631,776
6618,651,599,1250
6619,203,324,527
6620,146,435,581
6621,189,70,259
6622,193,595,788
6623,523,871,1394
6624,946,6,952
6625,704,991,1695
6626,30,54,84
6627,279,988,1267
6628,59,948,1007
6629,591,915,1506
6630,301,179,480
6631,914,356,1270
6632,449,584,1033
6633,388,707,1095
6634,813,286,1099
6635,510,277,787
6636,733,610,1343
6637,600,487,1087
6638,589,545,1134
6639,666,70,736
6640,103,775,878
6641,246,20,266
6642,82,593,675
6643,472,7,479
6644,60,750,810
6645,539,631,1170
6646,43,912,955
6647,296,256,552
6648,557,994,1551
6649,715,544,1259
6650,381,664,1045
6651,598,773,1371
6652,71,180,251
6653,356,137,493
6654,696,21,717
6655,46,802,848
6656,812,520,1332
6657,916,969,1885
6658,653,807,1460
6659,404,29,433
6660,476,897,1373
6661,915,411,1326
6662,450,531,981
6663,304,293,597
6664,557,104,661
6665,366,941,1307
6666,236,580,816
6667,349,406,755
6668,992,367,1359
6669,357,462,819
6670,679,116,795
6671,888,941,1829
6672,435,519,954
6673,560,55,615
6674,299,627,926
6675,559,533,1092
6676,496,725,1221
6677,915,175,1090
6678,860,326,1186
6679,86,147,233
6680,633,64,697
6681,508,580,1088
6682,63,487,550
6683,577,217,794
6684,626,83,709
6685,404,446,850
6686,568,341,909
6687,86,767,853
6688,781,690,1471
6689,664,41,705
6690,745,441,1186
6691,465,745,1210
6692,38,610,648
6693,142,906,1048
6694,35,614,649
6695,467,246,713
6696,787,138,925
6697,591,844,1435
6698,210,712,922
6699,878,126,1004
6700,514,92,606
6701,743,572,1315
6702,210,644,854
6703,732,78,810
6704,972,353,1325
6705,677,133,810
6706,984,661,1645
6707,502,350,852
6708,677,894,1571
6709,33,673,706
6710,830,390,1220
6711,387,556,943
6712,721,422,1143
6713,59,228,287
6714,362,712,1074
6715,733,345,1078
6716,411,400,811
6717,253,540,793
6718,593,454,1047
6719,375,618,993
6720,311,263,574
6721,799,76,875
6722,422,215,637
6723,626,856,1482
6724,886,586,1472
6725,105,306,411
6726,291,93,384
6727,513,599,1112
6728,960,601,1561
6729,40,784,824
6730,52,489,541
6731,232,185,417
6732,549,841,1390
6733,913,124,1037
6734,605,607,1212
6735,601,915,1516
6736,567,855,1422
6737,718,564,1282
6738,505,518,1023
6739,115,407,522
6740,308,375,683
6741,425,815,1240
6742,662,390,1052
6743,352,808,1160
6744,246,932,1178
6745,589,289,878
6746,43,31,74
6747,253,818,1071
6748,875,402,1277
6749,118,492,610
6750,732,212,944
6751,330,428,758
6752,794,984,1778
6753,113,588,701
6754,405,62,467
6755,731,567,1298
6756,660,347,1007
6757,949,672,1621
6758,613,506,1119
6759,510,143,653
6760,501,343,844
6761,915,225,1140
6762,377,198,575
6763,528,459,987
6764,275,302,577
6765,380,994,1374
6766,841,968,1809
6767,877,449,1326
6768,934,147,1081
6769,572,896,1468
6770,152,579,731
6771,872,720,1592
6772,534,489,1023
6773,312,776,1088
6774,61,565,626
6775,549,893,1442
6776,338,336,674
6777,148,574,722
6778,145,762,907
6779,193,69,262
6780,956,57,1013
6781,769,752,1521
6782,682,485,1167
6783,786,853,1639
6784,610,734,1344
6785,351,583,934
6786,421,479,900
6787,937,752,1689
6788,947,885,1832
6789,975,483,1458
6790,167,409,576
6791,657,786,1443
6792,213,889,1102
6793,560,734,1294
6794,713,240,953
6795,951,172,1123
6796,800,608,1408
6797,920,91,1011
6798,905,423,1328
6799,29,793,822
6800,783,183,966
6801,304,933,1237
6802,149,495,644
6803,382,886,1268
6804,449,874,1323
6805,55,12,67
6806,873,378,1251
6807,449,385,834
6808,433,35,468
6809,135,335,470
6810,410,443,853
6811,465,184,649
6812,921,927,1848
6813,474,36,510
6814,142,452,594
6815,422,542,964
6816,878,280,1158
6817,288,917,1205
6818,459,99,558
6819,325,99,424
6820,823,161,984
6821,510,802,1312
6822,222,110,332
6823,579,161,740
6824,137,422,559
6825,967,317,1284
6826,689,618,1307
6827,53,647,700
6828,123,648,771
6829,738,869,1607
6830,267,418,685
6831,270,320,590
6832,424,352,776
6833,897,14,911
6834,245,789,1034
6835,253,15,268
6836,911,42,953
6837,155,893,1048
6838,201,469,670
6839,236,865,1101
6840,24,965,989
6841,215,497,712
6842,287,959,1246
6843,983,461,1444
6844,212,859,1071
6845,714,769,1483
6846,894,832,1726
6847,505,560,1065
6848,222,367,589
6849,4,900,904
6850,999,347,1346
6851,814,305,1119
6852,293,463,756
6853,767,362,1129
6854,37,59,96
6855,269,413,682
6856,157,641,798
6857,883,785,1668
6858,74,46,120
6859,837,270,1107
6860,45,703,748
6861,134,203,337
6862,82,586,668
6863,825,355,1180
6864,200,398,598
6865,247,811,1058
6866,125,883,1008
6867,359,448,807
6868,14,27,41
6869,433,2,435
6870,697,145,842
6871,624,684,1308
6872,846,695,1541
6873,180,429,609
6874,141,521,662
6875,142,52,194
6876,612,615,1227
6877,747,446,1193
6878,737,332,1069
6879,775,316,1091
6880,908,297,1205
6881,978,165,1143
6882,383,228,611
6883,806,388,1194
6884,270,292,562
6885,574,112,686
6886,343,457,800
6887,564,563,1127
6888,332,413,745
6889,238,779,1017
6890,59,348,407
6891,943,46,989
6892,103,325,428
6893,697,530,1227
6894,377,946,1323
6895,651,843,1494
6896,267,107,374
6897,609,15,624
6898,535,62,597
6899,697,581,1278
6900,799,270,1069
6901,311,741,1052
6902,519,918,1437
6903,914,457,1371
6904,504,307,811
6905,941,210,1151
6906,708,838,1546
6907,282,566,848
6908,631,196,827
6909,300,635,935
6910,245,137,382
6911,273,347,620
6912,684,226,910
6913,424,608,1032
6914,864,927,1791
6915,990,509,1499
6916,163,605,768
6917,229,607,836
6918,390,636,1026
6919,353,601,954
6920,892,320,1212
6921,545,661,1206
6922,384,401,785
6923,901,787,1688
6924,323,632,955
6925,883,614,1497
6926,658,411,1069
6927,337,405,742
6928,109,122,231
6929,855,157,1012
6930,870,454,1324
6931,899,652,1551
6932,970,723,1693
6933,344,256,600
6934,664,832,1496
6935,781,681,1462
6936,623,871,1494
6937,608,114,722
6938,417,709,1126
6939,592,728,1320
6940,804,342,1146
6941,746,346,1092
6942,304,389,693
6943,899,809,1708
6944,322,306,628
6945,915,19,934
6946,282,819,1101
6947,760,104,864
6948,79,287,366
6949,278,621,899
6950,413,492,905
6951,930,50,980
6952,638,279,917
6953,569,773,1342
6954,494,305,799
6955,268,188,456
6956,582,913,1495
6957,462,942,1404
6958,743,971,1714
6959,797,512,1309
6960,267,750,1017
6961,724,407,1131
6962,939,850,1789
6963,305,83,388
6964,302,794,1096
6965,164,849,1013
6966,701,598,1299
6967,783,744,1527
6968,327,964,1291
6969,904,138,1042
6970,996,324,1320
6971,734,445,1179
6972,45,988,1033
6973,850,196,1046
6974,657,646,1303
6975,936,975,1911
6976,141,558,699
6977,62,992,1054
6978,397,592,989
6979,544,200,744
6980,715,529,1244
6981,109,76,185
6982,199,237,436
6983,139,702,841
6984,526,264,790
6985,326,504,830
6986,702,369,1071
6987,959,647,1606
6988,474,964,1438
6989,968,132,1100
6990,270,682,952
6991,13,500,513
6992,110,849,959
6993,641,390,1031
6994,96,737,833
6995,325,308,633
6996,111,440,551
6997,938,564,1502
6998,599,878,1477
6999,168,687,855
7000,595,636,1231
7001,613,944,1557
7002,574,915,1489
7003,773,463,1236
7004,684,834,1518
7005,153,470,623
7006,922,744,1666
7007,689,654,1343
7008,329,85,414
7009,486,219,705
7010,525,989,1514
7011,89,114,203
7012,25,66,91
7013,932,959,1891
7014,641,878,1519
7015,797,14,811
7016,513,284,797
7017,919,674,1593
7018,455,243,698
7019,734,537,1271
7020,34,869,903
7021,278,509,787
7022,458,387,845
7023,797,685,1482
7024,988,140,1128
7025,25,175,200
7026,311,276,587
7027,543,690,1233
7028,749,604,1353
7029,444,27,471
7030,986,8,994
7031,832,886,1718
7032,33,900,933
7033,471,659,1130
7034,571,153,724
7035,528,69,597
7036,414,227,641
7037,931,639,1570
7038,686,864,1550
7039,106,362,468
7040,875,48,923
7041,273,691,964
7042,167,429,596
7043,450,270,720
7044,309,803,1112
7045,854,32,886
7046,927,94,1021
7047,506,441,947
7048,237,300,537
7049,503,767,1270
7050,644,864,1508
7051,799,982,1781
7052,584,516,1100
7053,495,475,970
7054,168,622,790
7055,163,81,244
7056,828,977,1805
7057,308,774,1082
7058,434,625,1059
7059,551,882,1433
7060,35,223,258
7061,343,326,669
7062,117,943,1060
7063,819,435,1254
7064,644,288,932
7065,905,773,1678
7066,17,99,116
7067,882,217,1099
7068,252,341,593
7069,147,271,418
7070,253,846,1099
7071,755,213,968
7072,246,362,608
7073,819,775,1594
7074,495,938,1433
7075,744,392,1136
7076,254,656,910
7077,555,66,621
7078,557,514,1071
7079,923,609,1532
7080,638,771,1409
7081,796,496,1292
7082,120,789,909
7083,470,740,1210
7084,967,723,1690
7085,557,649,1206
7086,457,224,681
7087,9,529,538
7088,188,383,571
7089,90,158,248
7090,240,520,760
7091,952,694,1646
7092,606,240,846
7093,724,861,1585
7094,438,849,1287
7095,192,778,970
7096,794,310,1104
7097,157,647,804
7098,830,100,930
7099,205,30,235
7100,625,215,840
7101,1,643,644
7102,962,521,1483
7103,203,248,451
7104,6,468,474
7105,52,148,200
7106,870,337,1207
7107,97,894,991
7108,490,596,1086
7109,553,438,991
7110,180,766,946
7111,168,442,610
7112,110,791,901
7113,400,258,658
7114,991,192,1183
7115,633,798,1431
7116,177,7,184
7117,83,179,262
7118,968,635,1603
7119,224,807,1031
7120,204,955,1159
7121,836,176,1012
7122,685,912,1597
7123,584,748,1332
7124,4,82,86
7125,246,58,304
7126,879,934,1813
7127,186,318,504
7128,972,17,989
7129,409,911,1320
7130,619,914,1533
7131,641,930,1571
7132,998,816,1814
7133,573,102,675
7134,564,273,837
7135,224,742,966
7136,144,938,1082
7137,262,422,684
7138,974,263,1237
7139,96,609,705
7140,971,546,1517
7141,843,391,1234
7142,91,916,1007
7143,508,758,1266
7144,273,565,838
7145,216,972,1188
7146,570,20,590
7147,956,424,1380
7148,54,557,611
7149,348,861,1209
7150,449,261,710
7151,337,859,1196
7152,602,224,826
7153,778,657,1435
7154,48,961,1009
7155,183,492,675
7156,276,395,671
7157,940,591,1531
7158,407,146,553
7159,310,674,984
7160,629,601,1230
7161,385,835,1220
7162,578,560,1138
7163,112,965,1077
7164,783,657,1440
7165,241,319,560
7166,998,909,1907
7167,922,813,1735
7168,370,238,608
7169,873,447,1320
7170,834,677,1511
7171,95,975,1070
7172,51,351,402
7173,483,552,1035
7174,621,729,1350
7175,859,936,1795
7176,498,242,740
7177,837,501,1338
7178,126,636,762
7179,659,351,1010
7180,366,176,542
7181,595,988,1583
7182,569,985,1554
7183,658,126,784
7184,257,734,991
7185,740,506,1246
7186,236,601,837
7187,356,18,374
7188,644,328,972
7189,489,39,528
7190,617,623,1240
7191,124,450,574
7192,693,707,1400
7193,458,279,737
7194,875,187,1062
7195,901,394,1295
7196,65,527,592
7197,912,302,1214
7198,705,646,1351
7199,635,704,1339
7200,123,790,913
7201,753,707,1460
7202,76,461,537
7203,33,337,370
7204,406,326,732
7205,215,510,725
7206,354,304,658
7207,597,407,1004
7208,378,860,1238
7209,933,552,1485
7210,205,598,803
7211,329,548,877
7212,37,943,980
7213,29,16,45
7214,550,211,761
7215,409,99,508
7216,420,345,765
7217,35,180,215
7218,612,642,1254
7219,586,752,1338
7220,850,345,1195
7221,844,270,1114
7222,728,351,1079
7223,351,312,663
7224,524,615,1139
7225,573,921,1494
7226,342,995,1337
7227,63,518,581
7228,166,140,306
7229,107,594,701
7230,932,691,1623
7231,238,346,584
7232,868,348,1216
7233,524,219,743
7234,901,145,1046
7235,522,529,1051
7236,255,687,942
7237,296,810,1106
7238,132,71,203
7239,795,573,1368
7240,524,749,1273
7241,279,578,857
7242,966,519,1485
7243,484,880,1364
7244,568,103,671
7245,324,301,625
7246,26,288,314
7247,406,639,1045
7248,541,648,1189
7249,488,624,1112
7250,232,430,662
7251,741,596,1337
7252,574,558,1132
7253,966,310,1276
7254,132,710,842
7255,574,312,886
7256,847,198,1045
7257,906,892,1798
7258,106,267,373
7259,299,576,875
7260,687,191,878
7261,682,106,788
7262,487,880,1367
7263,447,974,1421
7264,144,320,464
7265,253,717,970
7266,946,964,1910
7267,69,229,298
7268,327,587,914
7269,189,945,1134
7270,274,510,784
7271,679,612,1291
7272,10,697,707
7273,112,345,457
7274,751,314,1065
7275,96,951,1047
7276,453,97,550
7277,640,579,1219
7278,505,915,1420
7279,422,170,592
7280,17,952,969
7281,409,703,1112
7282,741,613,1354
7283,635,748,1383
7284,480,803,1283
7285,930,738,1668
7286,741,814,1555
7287,269,833,1102
7288,948,870,1818
7289,229,654,883
7290,765,62,827
7291,98,186,284
7292,120,44,164
7293,468,780,1248
7294,515,823,1338
7295,987,273,1260
7296,243,812,1055
7297,506,944,1450
7298,439,501,940
7299,228,206,434
7300,294,986,1280
7301,792,67,859
7302,142,407,549
7303,348,115,463
7304,683,771,1454
7305,639,596,1235
7306,719,81,800
7307,400,462,862
7308,353,147,500
7309,60,355,415
7310,743,700,1443
7311,190,734,924
7312,243,400,643
7313,957,340,1297
7314,701,998,1699
7315,73,120,193
7316,90,535,625
7317,841,641,1482
7318,130,589,719
7319,863,952,1815
7320,989,172,1161
7321,330,91,421
7322,891,692,1583
7323,117,669,786
7324,197,256,453
7325,953,801,1754
7326,910,809,1719
7327,150,706,856
7328,232,293,525
7329,484,185,669
7330,448,645,1093
7331,513,66,579
7332,389,444,833
7333,155,693,848
7334,410,592,1002
7335,132,334,466
7336,209,361,570
7337,923,799,1722
7338,803,691,1494
7339,598,136,734
7340,409,238,647
7341,98,835,933
7342,392,706,1098
7343,582,216,798
7344,801,188,989
7345,742,167,909
7346,164,931,1095
7347,873,198,1071
7348,102,261,363
7349,246,495,741
7350,61,353,414
7351,445,585,1030
7352,436,491,927
7353,992,718,1710
7354,210,434,644
7355,149,130,279
7356,10,496,506
7357,729,57,786
7358,895,809,1704
7359,842,2,844
7360,547,88,635
7361,397,113,510
7362,997,867,1864
7363,524,408,932
7364,161,530,691
7365,224,823,1047
7366,350,451,801
7367,315,920,1235
7368,558,507,1065
7369,684,353,1037
7370,520,739,1259
7371,99,128,227
7372,648,333,981
7373,274,903,1177
7374,884,462,1346
7375,110,678,788
7376,997,57,1054
7377,45,158,203
7378,594,764,1358
7379,427,67,494
7380,207,646,853
7381,582,278,860
7382,882,998,1880
7383,918,934,1852
7384,918,464,1382
7385,395,262,657
7386,272,608,880
7387,415,981,1396
7388,187,609,796
7389,572,492,1064
7390,208,251,459
7391,536,791,1327
7392,623,97,720
7393,888,815,1703
7394,77,193,270
7395,444,263,707
7396,986,58,1044
7397,488,140,628
7398,385,684,1069
7399,137,823,960
7400,702,852,1554
7401,888,751,1639
7402,714,457,1171
7403,731,403,1134
7404,533,972,1505
7405,216,436,652
7406,904,13,917
7407,747,136,883
7408,38,859,897
7409,42,419,461
7410,779,119,898
7411,692,137,829
7412,843,843,1686
7413,521,662,1183
7414,195,8,203
7415,37,637,674
7416,207,373,580
7417,503,105,608
7418,346,712,1058
7419,892,627,1519
7420,912,385,1297
7421,151,109,260
7422,314,942,1256
7423,618,22,640
7424,657,416,1073
7425,477,725,1202
7426,655,625,1280
7427,85,533,618
7428,457,393,850
7429,928,596,1524
7430,654,396,1050
7431,671,885,1556
7432,646,80,726
7433,397,700,1097
7434,169,473,642
7435,582,618,1200
7436,708,88,796
7437,925,393,1318
7438,526,607,1133
7439,189,443,632
7440,646,662,1308
7441,685,274,959
7442,556,518,1074
7443,354,95,449
7444,914,642,1556
7445,538,730,1268
7446,541,883,1424
7447,647,131,778
7448,193,558,751
7449,804,250,1054
7450,719,603,1322
7451,338,841,1179
7452,468,358,826
7453,728,75,803
7454,482,567,1049
7455,319,861,1180
7456,77,444,521
7457,975,162,1137
7458,207,745,952
7459,223,641,864
7460,502,82,584
7461,956,201,1157
7462,441,812,1253
7463,735,145,880
7464,286,386,672
7465,562,306,868
7466,222,350,572
7467,940,46,986
7468,324,831,1155
7469,638,861,1499
7470,2,497,499
7471,62,324,386
7472,855,561,1416
7473,300,865,1165
7474,7,988,995
7475,307,473,780
7476,262,689,951
7477,967,500,1467
7478,761,23,784
7479,398,882,1280
7480,376,559,935
7481,292,905,1197
7482,270,622,892
7483,738,18,756
7484,602,705,1307
7485,391,162,553
7486,891,193,1084
7487,840,302,1142
7488,157,213,370
7489,914,714,1628
7490,707,772,1479
7491,968,830,1798
7492,483,128,611
7493,299,56,355
7494,521,4,525
7495,987,262,1249
7496,495,958,1453
7497,908,694,1602
7498,762,577,1339
7499,817,262,1079
7500,900,968,1868
7501,522,895,1417
7502,552,824,1376
7503,788,606,1394
7504,448,441,889
7505,511,654,1165
7506,545,163,708
7507,938,570,1508
7508,571,630,1201
7509,668,665,1333
7510,584,831,1415
7511,447,110,557
7512,903,46,949
7513,650,593,1243
7514,972,560,1532
7515,157,406,563
7516,977,640,1617
7517,325,566,891
7518,447,313,760
7519,652,298,950
7520,781,886,1667
7521,316,693,1009
7522,380,367,747
7523,295,965,1260
7524,28,981,1009
7525,911,739,1650
7526,713,186,899
7527,686,898,1584
7528,585,909,1494
7529,106,53,159
7530,502,262,764
7531,447,603,1050
7532,595,352,947
7533,528,318,846
7534,768,652,1420
7535,469,961,1430
7536,117,197,314
7537,536,617,1153
7538,176,172,348
7539,247,387,634
7540,957,982,1939
7541,830,871,1701
7542,460,90,550
7543,250,921,1171
7544,218,203,421
7545,546,742,1288
7546,545,914,1459
7547,958,818,1776
7548,498,472,970
7549,55,545,600
7550,180,162,342
7551,680,94,774
7552,252,969,1221
7553,901,224,1125
7554,892,439,1331
7555,376,466,842
7556,312,782,1094
7557,606,27,633
7558,302,590,892
7559,378,572,950
7560,889,26,915
7561,340,970,1310
7562,592,996,1588
7563,442,307,749
7564,581,795,1376
7565,965,935,1900
7566,409,401,810
7567,888,122,1010
7568,438,729,1167
7569,377,942,1319
7570,315,249,564
7571,151,917,1068
7572,607,430,1037
7573,430,975,1405
7574,686,136,822
7575,521,22,543
7576,45,405,450
7577,643,906,1549
7578,272,188,460
7579,75,77,152
7580,855,627,1482
7581,979,155,1134
7582,569,598,1167
7583,63,270,333
7584,379,4,383
7585,303,773,1076
7586,594,965,1559
7587,349,174,523
7588,842,23,865
7589,572,25,597
7590,160,942,1102
7591,984,428,1412
7592,864,421,1285
7593,274,0,274
7594,915,928,1843
7595,735,290,1025
7596,388,140,528
7597,936,317,1253
7598,895,850,1745
7599,564,829,1393
7600,493,859,1352
7601,840,775,1615
7602,99,330,429
7603,914,479,1393
7604,345,222,567
7605,948,827,1775
7606,920,816,1736
7607,827,595,1422
7608,922,23,945
7609,682,882,1564
7610,831,346,1177
7611,510,200,710
7612,799,387,1186
7613,682,541,1223
7614,315,454,769
7615,369,26,395
7616,54,181,235
7617,997,419,1416
7618,583,330,913
7619,891,160,1051
7620,949,78,1027
7621,380,750,1130
7622,659,640,1299
7623,940,792,1732
7624,411,546,957
7625,277,722,999
7626,677,967,1644
7627,879,479,1358
7628,382,528,910
7629,730,296,1026
7630,370,741,1111
7631,570,880,1450
7632,889,8,897
7633,729,258,987
7634,537,979,1516
7635,411,50,461
7636,338,656,994
7637,307,394,701
7638,686,137,823
7639,146,680,826
7640,766,9,775
7641,615,525,1140
7642,166,787,953
7643,790,71,861
7644,577,403,980
7645,621,14,635
7646,356,671,1027
7647,174,742,916
7648,949,492,1441
7649,123,771,894
7650,577,993,1570
7651,508,203,711
7652,554,597,1151
7653,606,702,1308
7654,836,417,1253
7655,220,979,1199
7656,787,373,1160
7657,966,477,1443
7658,91,244,335
7659,818,944,1762
7660,215,947,1162
7661,889,417,1306
7662,578,18,596
7663,397,589,986
7664,677,523,1200
7665,958,827,1785
7666,829,335,1164
7667,699,815,1514
7668,465,742,1207
7669,644,401,1045
7670,89,619,708
7671,395,12,407
7672,621,980,1601
7673,964,950,1914
7674,929,818,1747
7675,18,457,475
7676,235,903,1138
7677,577,117,694
7678,514,69,583
7679,813,23,836
7680,381,795,1176
7681,513,559,1072
7682,610,791,1401
7683,87,375,462
7684,944,319,1263
7685,852,94,946
7686,716,145,861
7687,296,175,471
7688,723,757,1480
7689,748,694,1442
7690,470,0,470
7691,782,863,1645
7692,663,966,1629
7693,691,261,952
7694,196,616,812
7695,216,251,467
7696,826,763,1589
7697,656,225,881
7698,234,718,952
7699,580,787,1367
7700,435,627,1062
7701,720,194,914
7702,741,726,1467
7703,604,825,1429
7704,462,932,1394
7705,550,732,1282
7706,67,874,941
7707,841,798,1639
7708,987,814,1801
7709,49,643,692
7710,18,43,61
7711,846,491,1337
7712,966,147,1113
7713,344,930,1274
7714,446,633,1079
7715,552,569,1121
7716,707,45,752
7717,954,838,1792
7718,404,376,780
7719,841,258,1099
7720,727,731,1458
7721,202,45,247
7722,134,485,619
7723,641,94,735
7724,558,235,793
7725,642,425,1067
7726,463,176,639
7727,268,128,396
7728,75,436,511
7729,76,275,351
7730,571,736,1307
7731,588,445,1033
7732,199,724,923
7733,140,656,796
7734,408,700,1108
7735,985,445,1430
7736,950,991,1941
7737,77,289,366
7738,138,841,979
7739,817,274,1091
7740,441,337,778
7741,320,505,825
7742,524,641,1165
7743,143,220,363
7744,305,78,383
7745,589,843,1432
7746,447,925,1372
7747,228,882,1110
7748,710,637,1347
7749,658,468,1126
7750,768,906,1674
7751,265,31,296
7752,74,624,698
7753,989,556,1545
7754,370,228,598
7755,58,964,1022
7756,40,190,230
7757,341,638,979
7758,141,868,1009
7759,690,801,1491
7760,54,164,218
7761,629,499,1128
7762,143,302,445
7763,644,692,1336
7764,681,460,1141
7765,33,50,83
7766,994,382,1376
7767,520,966,1486
7768,858,632,1490
7769,512,914,1426
7770,137,959,1096
7771,390,638,1028
7772,930,580,1510
7773,696,198,894
7774,368,943,1311
7775,822,963,1785
7776,254,792,1046
7777,535,537,1072
7778,593,614,1207
7779,903,314,1217
7780,998,297,1295
7781,462,681,1143
7782,58,58,116
7783,29,554,583
7784,94,357,451
7785,410,56,466
7786,83,480,563
7787,126,283,409
7788,496,284,780
7789,306,80,386
7790,352,45,397
7791,922,592,1514
7792,280,487,767
7793,138,501,639
7794,211,102,313
7795,539,857,1396
7796,217,609,826
7797,630,284,914
7798,136,54,190
7799,834,593,1427
7800,591,997,1588
7801,776,197,973
7802,552,721,1273
7803,381,211,592
7804,436,788,1224
7805,66,38,104
7806,837,482,1319
7807,496,136,632
7808,219,962,1181
7809,373,161,534
7810,585,59,644
7811,321,725,1046
7812,826,121,947
7813,718,341,1059
7814,680,972,1652
7815,653,903,1556
7816,268,907,1175
7817,285,823,1108
7818,755,334,1089
7819,750,156,906
7820,325,3,328
7821,512,454,966
7822,150,545,695
7823,534,906,1440
7824,52,617,669
7825,583,207,790
7826,303,971,1274
7827,736,13,749
7828,328,252,580
7829,712,978,1690
7830,346,262,608
7831,683,723,1406
7832,528,721,1249
7833,713,93,806
7834,84,64,148
7835,631,278,909
7836,895,639,1534
7837,288,37,325
7838,859,63,922
7839,963,985,1948
7840,345,545,890
7841,505,416,921
7842,19,576,595
7843,869,46,915
7844,526,363,889
7845,154,531,685
7846,546,58,604
7847,719,618,1337
7848,935,114,1049
7849,883,558,1441
7850,139,318,457
7851,875,551,1426
7852,170,102,272
7853,425,270,695
7854,898,456,1354
7855,237,887,1124
7856,72,99,171
7857,512,684,1196
7858,345,982,1327
7859,59,615,674
7860,766,262,1028
7861,122,34,156
7862,993,458,1451
7863,796,721,1517
7864,920,180,1100
7865,613,166,779
7866,928,1,929
7867,553,918,1471
7868,220,687,907
7869,785,865,1650
7870,309,796,1105
7871,13,587,600
7872,59,895,954
7873,722,732,1454
7874,585,71,656
7875,313,960,1273
7876,692,277,969
7877,248,903,1151
7878,223,149,372
7879,138,143,281
7880,190,271,461
7881,321,393,714
7882,147,781,928
7883,106,581,687
7884,814,986,1800
7885,856,537,1393
7886,361,969,1330
7887,549,506,1055
7888,308,429,737
7889,479,151,630
7890,126,293,419
7891,756,227,983
7892,614,667,1281
7893,643,707,1350
7894,598,997,1595
7895,777,88,865
7896,569,919,1488
7897,938,991,1929
7898,965,601,1566
7899,626,927,1553
7900,114,126,240
7901,876,843,1719
7902,690,663,1353
7903,379,570,949
7904,639,338,977
7905,966,416,1382
7906,99,844,943
7907,586,122,708
7908,794,885,1679
7909,879,471,1350
7910,442,725,1167
7911,561,855,1416
7912,109,488,597
7913,156,699,855
7914,655,183,838
7915,666,420,1086
7916,486,334,820
7917,873,999,1872
7918,267,420,687
7919,241,171,412
7920,680,203,883
7921,940,800,1740
7922,988,322,1310
7923,506,149,655
7924,250,510,760
7925,731,922,1653
7926,558,148,706
7927,52,168,220
7928,352,460,812
7929,313,328,641
7930,794,859,1653
7931,730,163,893
7932,4,806,810
7933,865,2,867
7934,527,456,983
7935,253,106,359
7936,386,175,561
7937,862,789,1651
7938,564,966,1530
7939,548,618,1166
7940,1,420,421
7941,865,483,1348
7942,89,573,662
7943,847,975,1822
7944,526,421,947
7945,443,76,519
7946,6,558,564
7947,765,676,1441
7948,186,417,603
7949,808,992,1800
7950,719,750,1469
7951,706,500,1206
7952,490,109,599
7953,964,475,1439
7954,460,228,688
7955,82,301,383
7956,804,403,1207
7957,279,50,329
7958,315,451,766
7959,305,838,1143
7960,862,552,1414
7961,241,929,1170
7962,928,531,1459
7963,800,178,978
7964,163,188,351
7965,733,82,815
7966,690,430,1120
7967,338,353,691
7968,451,446,897
7969,420,630,1050
7970,592,105,697
7971,869,538,1407
7972,944,61,1005
7973,700,939,1639
7974,98,933,1031
7975,401,612,1013
7976,353,863,1216
7977,665,185,850
7978,510,842,1352
7979,702,331,1033
7980,63,6,69
7981,672,543,1215
7982,608,288,896
7983,590,219,809
7984,429,706,1135
7985,851,333,1184
7986,236,467,703
7987,29,896,925
7988,910,910,1820
7989,297,484,781
7990,60,497,557
7991,537,720,1257
7992,164,748,912
7993,281,577,858
7994,265,496,761
7995,79,587,666
7996,311,410,721
7997,936,128,1064
7998,100,766,866
7999,897,683,1580
8000,657,75,732
8001,306,279,585
8002,180,28,208
8003,634,306,940
8004,126,792,918
8005,349,717,1066
8006,60,115,175
8007,28,808,836
8008,436,614,1050
8009,29,529,558
8010,478,916,1394
8011,830,272,1102
8012,657,867,1524
8013,284,118,402
8014,146,183,329
8015,354,546,900
8016,855,51,906
8017,479,76,555
8018,111,494,605
8019,787,118,905
8020,758,102,860
8021,473,59,532
8022,533,213,746
8023,50,174,224
8024,101,783,884
8025,808,679,1487
8026,577,8,585
8027,223,912,1135
8028,772,708,1480
8029,661,413,1074
8030,835,323,1158
8031,789,188,977
8032,481,663,1144
8033,283,284,567
8034,731,601,1332
8035,423,538,961
8036,170,341,511
8037,198,256,454
8038,962,643,1605
8039,871,562,1433
8040,42,455,497
8041,149,142,291
8042,296,552,848
8043,305,155,460
8044,761,342,1103
8045,369,413,782
8046,96,221,317
8047,891,272,1163
8048,301,38,339
8049,532,178,710
8050,965,263,1228
8051,539,342,881
8052,800,679,1479
8053,762,445,1207
8054,937,23,960
8055,336,992,1328
8056,238,481,719
8057,602,839,1441
8058,552,197,749
8059,583,955,1538
8060,306,636,942
8061,925,120,1045
8062,763,344,1107
8063,908,579,1487
8064,604,687,1291
8065,382,846,1228
8066,752,321,1073
8067,109,411,520
8068,63,842,905
8069,979,305,1284
8070,990,192,1182
8071,820,820,1640
8072,938,6,944
8073,424,553,977
8074,735,492,1227
8075,945,72,1017
8076,916,414,1330
8077,561,918,1479
8078,758,467,1225
8079,216,350,566
8080,489,322,811
8081,599,735,1334
8082,313,729,1042
8083,98,685,783
8084,523,816,1339
8085,767,524,1291
8086,931,277,1208
8087,629,666,1295
8088,368,381,749
8089,39,247,286
8090,776,546,1322
8091,959,675,1634
8092,928,518,1446
8093,151,637,788
8094,606,213,819
8095,688,207,895
8096,364,988,1352
8097,508,247,755
8098,890,963,1853
8099,212,986,1198
8100,976,833,1809
8101,66,744,810
8102,777,911,1688
8103,418,959,1377
8104,680,193,873
8105,733,108,841
8106,547,114,661
8107,537,394,931
8108,875,808,1683
8109,534,954,1488
8110,304,832,1136
8111,524,417,941
8112,244,801,1045
8113,980,719,1699
8114,119,856,975
8115,524,760,1284
8116,728,402,1130
8117,360,810,1170
8118,999,321,1320
8119,518,614,1132
8120,79,895,974
8121,4,103,107
8122,314,1,315
8123,26,326,352
8124,211,926,1137
8125,681,820,1501
8126,203,969,1172
8127,778,248,1026
8128,575,7,582
8129,631,669,1300
8130,245,616,861
8131,68,644,712
8132,139,219,358
8133,185,84,269
8134,866,321,1187
8135,877,99,976
8136,792,744,1536
8137,100,6,106
8138,292,421,713
8139,783,601,1384
8140,710,987,1697
8141,557,805,1362
8142,304,644,948
8143,25,310,335
8144,166,171,337
8145,741,770,1511
8146,860,194,1054
8147,100,41,141
8148,157,432,589
8149,475,292,767
8150,301,98,399
8151,964,546,1510
8152,22,608,630
8153,881,219,1100
8154,889,535,1424
8155,611,970,1581
8156,939,537,1476
8157,547,651,1198
8158,180,975,1155
8159,366,958,1324
8160,20,735,755
8161,854,545,1399
8162,376,883,1259
8163,26,919,945
8164,713,138,851
8165,239,709,948
8166,168,456,624
8167,406,262,668
8168,700,41,741
8169,665,717,1382
8170,449,49,498
8171,249,877,1126
8172,991,175,1166
8173,231,434,665
8174,866,657,1523
8175,583,653,1236
8176,570,674,1244
8177,485,274,759
8178,675,398,1073
8179,152,679,831
8180,497,549,1046
8181,361,44,405
8182,719,122,841
8183,552,492,1044
8184,57,434,491
8185,132,529,661
8186,60,280,340
8187,774,710,1484
8188,73,425,498
8189,923,822,1745
8190,579,913,1492
8191,649,415,1064
8192,869,161,1030
8193,807,833,1640
8194,145,418,563
8195,598,760,1358
8196,529,182,711
8197,7,149,156
8198,880,697,1577
8199,355,76,431
8200,649,412,1061
8201,638,88,726
8202,729,524,1253
8203,336,235,571
8204,482,675,1157
8205,880,650,1530
8206,658,297,955
8207,147,175,322
8208,944,896,1840
8209,873,123,996
8210,970,950,1920
8211,226,734,960
8212,529,881,1410
8213,681,9,690
8214,160,673,833
8215,245,835,1080
8216,711,829,1540
8217,876,714,1590
8218,553,922,1475
8219,266,310,576
8220,616,514,1130
8221,762,959,1721
8222,780,747,1527
8223,846,830,1676
8224,194,186,380
8225,724,32,756
8226,252,878,1130
8227,473,849,1322
8228,193,153,346
8229,844,644,1488
8230,443,803,1246
8231,565,950,1515
8232,793,641,1434
8233,847,396,1243
8234,371,250,621
8235,29,256,285
8236,374,795,1169
8237,850,556,1406
8238,288,67,355
8239,206,656,862
8240,651,195,846
8241,46,594,640
8242,600,705,1305
8243,397,633,1030
8244,40,839,879
8245,652,401,1053
8246,604,124,728
8247,165,613,778
8248,439,761,1200
8249,595,833,1428
8250,80,311,391
8251,705,278,983
8252,110,731,841
8253,536,612,1148
8254,100,861,961
8255,45,690,735
8256,119,223,342
8257,60,968,1028
8258,162,869,1031
8259,506,800,1306
8260,555,138,693
8261,244,994,1238
8262,234,211,445
8263,186,175,361
8264,434,408,842
8265,432,482,914
8266,932,567,1499
8267,275,871,1146
8268,336,164,500
8269,570,754,1324
8270,649,507,1156
8271,999,434,1433
8272,33,56,89
8273,845,850,1695
8274,586,457,1043
8275,268,760,1028
8276,768,220,988
8277,608,414,1022
8278,669,542,1211
8279,446,370,816
8280,108,197,305
8281,83,114,197
8282,344,693,1037
8283,409,583,992
8284,416,296,712
8285,185,156,341
8286,818,368,1186
8287,472,33,505
8288,652,595,1247
8289,54,385,439
8290,271,239,510
8291,368,659,1027
8292,889,988,1877
8293,656,847,1503
8294,764,642,1406
8295,502,68,570
8296,754,156,910
8297,81,891,972
8298,866,230,1096
8299,810,238,1048
8300,439,332,771
8301,164,451,615
8302,897,312,1209
8303,317,860,1177
8304,549,927,1476
8305,625,175,800
8306,932,108,1040
8307,556,716,1272
8308,69,814,883
8309,267,184,451
8310,118,487,605
8311,609,453,1062
8312,727,810,1537
8313,136,795,931
8314,227,422,649
8315,692,205,897
8316,72,555,627
8317,823,186,1009
8318,729,279,1008
8319,414,918,1332
8320,321,412,733
8321,290,712,1002
8322,350,942,1292
8323,997,967,1964
8324,426,806,1232
8325,975,37,1012
8326,661,190,851
8327,852,212,1064
8328,608,254,862
8329,702,843,1545
8330,635,367,1002
8331,393,235,628
8332,780,533,1313
8333,989,479,1468
8334,771,722,1493
8335,510,91,601
8336,362,312,674
8337,913,877,1790
8338,410,47,457
8339,619,586,1205
8340,679,254,933
8341,235,194,429
8342,273,10,283
8343,404,312,716
8344,539,337,876
8345,602,520,1122
8346,616,179,795
8347,109,825,934
8348,698,49,747
8349,267,33,300
8350,100,104,204
8351,299,337,636
8352,289,950,1239
8353,995,446,1441
8354,497,895,1392
8355,16,616,632
8356,727,195,922
8357,417,344,761
8358,383,511,894
8359,594,202,796
8360,661,212,873
8361,342,865,1207
8362,197,853,1050
8363,13,646,659
8364,266,696,962
8365,678,12,690
8366,119,997,1116
8367,790,233,1023
8368,537,539,1076
8369,223,677,900
8370,749,920,1669
8371,345,764,1109
8372,30,63,93
8373,129,492,621
8374,315,247,562
8375,68,657,725
8376,365,784,1149
8377,695,182,877
8378,249,333,582
8379,86,223,309
8380,59,272,331
8381,807,108,915
8382,649,230,879
8383,924,449,1373
8384,538,38,576
8385,516,472,988
8386,113,573,686
8387,72,202,274
8388,539,329,868
8389,451,836,1287
8390,505,20,525
8391,380,815,1195
8392,271,120,391
8393,227,123,350
8394,828,49,877
8395,563,271,834
8396,309,495,804
8397,32,286,318
8398,939,131,1070
8399,599,611,1210
8400,12,223,235
8401,206,546,752
8402,472,312,784
8403,929,51,980
8404,574,908,1482
8405,300,555,855
8406,655,584,1239
8407,761,273,1034
8408,829,77,906
8409,188,846,1034
8410,30,397,427
8411,338,649,987
8412,851,822,1673
8413,217,878,1095
8414,438,252,690
8415,155,211,366
8416,33,152,185
8417,251,934,1185
8418,369,992,1361
8419,320,699,1019
8420,168,911,1079
8421,889,421,1310
8422,163,853,1016
8423,447,153,600
8424,616,655,1271
8425,48,543,591
8426,337,790,1127
8427,197,840,1037
8428,15,765,780
8429,426,939,1365
8430,464,401,865
8431,386,229,615
8432,147,801,948
8433,893,940,1833
8434,452,696,1148
8435,114,213,327
8436,749,329,1078
8437,880,748,1628
8438,515,392,907
8439,804,792,1596
8440,328,329,657
8441,132,648,780
8442,849,746,1595
8443,188,454,642
8444,6,955,961
8445,287,750,1037
8446,812,605,1417
8447,748,6,754
8448,687,86,773
8449,438,17,455
8450,616,962,1578
8451,306,293,599
8452,749,633,1382
8453,866,516,1382
8454,880,263,1143
8455,617,276,893
8456,632,840,1472
8457,807,534,1341
8458,707,213,920
8459,555,394,949
8460,401,646,1047
8461,344,534,878
8462,766,197,963
8463,418,194,612
8464,270,690,960
8465,569,344,913
8466,872,570,1442
8467,205,545,750
8468,570,472,1042
8469,188,498,686
8470,511,754,1265
8471,978,611,1589
8472,788,26,814
8473,955,963,1918
8474,73,955,1028
8475,489,599,1088
8476,997,921,1918
8477,461,556,1017
8478,702,188,890
8479,921,69,990
8480,461,853,1314
8481,902,562,1464
8482,558,700,1258
8483,983,611,1594
8484,895,899,1794
8485,840,549,1389
8486,238,915,1153
8487,526,217,743
8488,252,134,386
8489,155,474,629
8490,454,526,980
8491,730,761,1491
8492,131,180,311
8493,245,582,827
8494,351,110,461
8495,901,74,975
8496,836,377,1213
8497,610,215,825
8498,168,956,1124
8499,486,714,1200
8500,669,412,1081
8501,810,463,1273
8502,50,131,181
8503,973,861,1834
8504,940,637,1577
8505,398,176,574
8506,695,796,1491
8507,825,304,1129
8508,855,260,1115
8509,267,697,964
8510,56,673,729
8511,48,905,953
8512,737,688,1425
8513,475,751,1226
8514,780,593,1373
8515,228,315,543
8516,749,673,1422
8517,911,640,1551
8518,627,826,1453
8519,393,983,1376
8520,278,469,747
8521,954,346,1300
8522,14,159,173
8523,516,324,840
8524,624,274,898
8525,250,482,732
8526,643,809,1452
8527,524,212,736
8528,186,234,420
8529,538,165,703
8530,953,90,1043
8531,6,109,115
8532,836,275,1111
8533,978,722,1700
8534,685,838,1523
8535,165,402,567
8536,493,202,695
8537,621,241,862
8538,731,173,904
8539,332,333,665
8540,680,92,772
8541,974,990,1964
8542,917,489,1406
8543,729,84,813
8544,686,537,1223
8545,437,709,1146
8546,938,997,1935
8547,27,115,142
8548,101,157,258
8549,379,815,1194
8550,681,388,1069
8551,58,347,405
8552,486,138,624
8553,153,155,308
8554,927,785,1712
8555,155,676,831
8556,49,555,604
8557,224,163,387
8558,926,142,1068
8559,874,183,1057
8560,690,285,975
8561,594,244,838
8562,122,358,480
8563,880,62,942
8564,491,270,761
8565,308,892,1200
8566,819,540,1359
8567,435,453,888
8568,688,157,845
8569,419,274,693
8570,81,170,251
8571,192,537,729
8572,428,986,1414
8573,512,456,968
8574,294,134,428
8575,191,663,854
8576,974,334,1308
8577,15,784,799
8578,210,285,495
8579,991,126,1117
8580,440,607,1047
8581,749,245,994
8582,958,408,1366
8583,27,480,507
8584,997,132,1129
8585,31,495,526
8586,10,975,985
8587,696,64,760
8588,78,505,583
8589,366,434,800
8590,932,485,1417
8591,586,499,1085
8592,30,423,453
8593,675,582,1257
8594,156,372,528
8595,460,501,961
8596,110,737,847
8597,385,55,440
8598,230,726,956
8599,338,263,601
8600,107,690,797
8601,674,559,1233
8602,866,995,1861
8603,752,495,1247
8604,971,443,1414
8605,698,531,1229
8606,729,49,778
8607,163,754,917
8608,520,784,1304
8609,14,77,91
8610,394,164,558
8611,576,135,711
8612,379,473,852
8613,272,712,984
8614,968,651,1619
8615,361,243,604
8616,27,615,642
8617,165,581,746
8618,306,489,795
8619,306,171,477
8620,562,298,860
8621,779,873,1652
8622,501,677,1178
8623,784,543,1327
8624,95,16,111
8625,694,809,1503
8626,433,805,1238
8627,714,363,1077
8628,322,843,1165
8629,280,747,1027
8630,523,109,632
8631,543,183,726
8632,309,543,852
8633,122,318,440
8634,72,968,1040
8635,286,81,367
8636,504,29,533
8637,845,713,1558
8638,787,918,1705
8639,820,675,1495
8640,308,348,656
8641,473,405,878
8642,734,103,837
8643,219,495,714
8644,246,617,863
8645,130,752,882
8646,678,501,1179
8647,388,28,416
8648,675,330,1005
8649,433,716,1149
8650,65,481,546
8651,286,226,512
8652,270,786,1056
8653,638,177,815
8654,950,216,1166
8655,182,262,444
8656,86,962,1048
8657,914,738,1652
8658,437,908,1345
8659,407,961,1368
8660,803,72,875
8661,70,517,587
8662,817,276,1093
8663,117,227,344
8664,703,323,1026
8665,157,185,342
8666,662,934,1596
8667,905,624,1529
8668,389,993,1382
8669,923,368,1291
8670,336,282,618
8671,623,212,835
8672,146,475,621
8673,42,683,725
8674,465,210,675
8675,330,88,418
8676,168,586,754
8677,10,557,567
8678,899,796,1695
8679,585,906,1491
8680,886,603,1489
8681,928,517,1445
8682,785,495,1280
8683,383,445,828
8684,573,301,874
8685,981,864,1845
8686,710,395,1105
8687,710,47,757
8688,634,234,868
8689,775,383,1158
8690,50,687,737
8691,407,789,1196
8692,635,350,985
8693,613,923,1536
8694,230,340,570
8695,827,536,1363
8696,74,391,465
8697,7,464,471
8698,141,132,273
8699,645,441,1086
8700,549,228,777
8701,157,223,380
8702,952,960,1912
8703,986,545,1531
8704,956,339,1295
8705,765,214,979
8706,628,709,1337
8707,843,720,1563
8708,265,723,988
8709,638,377,1015
8710,408,823,1231
8711,767,630,1397
8712,147,13,160
8713,924,255,1179
8714,698,129,827
8715,942,136,1078
8716,768,720,1488
8717,548,17,565
8718,286,677,963
8719,94,797,891
8720,968,206,1174
8721,938,43,981
8722,273,421,694
8723,508,307,815
8724,561,621,1182
8725,232,119,351
8726,312,778,1090
8727,370,249,619
8728,514,285,799
8729,162,982,1144
8730,936,294,1230
8731,999,134,1133
8732,212,415,627
8733,965,378,1343
8734,501,402,903
8735,262,152,414
8736,594,156,750
8737,328,906,1234
8738,8,849,857
8739,150,71,221
8740,461,678,1139
8741,807,355,1162
8742,79,785,864
8743,502,600,1102
8744,965,709,1674
8745,359,566,925
8746,660,157,817
8747,4,463,467
8748,239,554,793
8749,267,740,1007
8750,274,488,762
8751,1,540,541
8752,178,978,1156
8753,83,595,678
8754,385,982,1367
8755,442,108,550
8756,132,875,1007
8757,871,793,1664
8758,171,14,185
8759,354,970,1324
8760,331,603,934
8761,431,689,1120
8762,204,436,640
8763,576,962,1538
8764,408,963,1371
8765,913,572,1485
8766,185,120,305
8767,358,595,953
8768,546,532,1078
8769,529,178,707
8770,12,859,871
8771,263,706,969
8772,841,88,929
8773,916,545,1461
8774,77,284,361
8775,743,257,1000
8776,847,357,1204
8777,121,207,328
8778,751,667,1418
8779,281,798,1079
8780,135,640,775
8781,714,189,903
8782,893,990,1883
8783,742,187,929
8784,520,769,1289
8785,960,373,1333
8786,581,220,801
8787,804,800,1604
8788,484,686,1170
8789,632,851,1483
8790,436,579,1015
8791,847,721,1568
8792,631,42,673
8793,444,588,1032
8794,214,315,529
8795,804,781,1585
8796,805,153,958
8797,611,482,1093
8798,351,447,798
8799,854,161,1015
8800,785,689,1474
8801,157,557,714
8802,157,295,452
8803,988,630,1618
8804,731,22,753
8805,271,925,1196
8806,666,79,745
8807,453,847,1300
8808,745,212,957
8809,196,472,668
8810,817,391,1208
8811,942,281,1223
8812,236,788,1024
8813,674,648,1322
8814,734,155,889
8815,416,755,1171
8816,381,334,715
8817,119,950,1069
8818,785,518,1303
8819,847,53,900
8820,803,200,1003
8821,953,38,991
8822,717,176,893
8823,537,154,691
8824,343,746,1089
8825,368,341,709
8826,500,21,521
8827,118,662,780
8828,316,730,1046
8829,952,325,1277
8830,26,827,853
8831,481,637,1118
8832,580,750,1330
8833,920,346,1266
8834,80,462,542
8835,996,964,1960
8836,622,30,652
8837,812,423,1235
8838,660,473,1133
8839,949,110,1059
8840,577,909,1486
8841,273,742,1015
8842,580,972,1552
8843,721,688,1409
8844,262,78,340
8845,379,712,1091
8846,899,907,1806
8847,808,208,1016
8848,558,165,723
8849,136,682,818
8850,333,217,550
8851,104,952,1056
8852,162,617,779
8853,678,71,749
8854,888,22,910
8855,232,789,1021
8856,177,944,1121
8857,887,160,1047
8858,694,188,882
8859,902,454,1356
8860,76,402,478
8861,651,32,683
8862,381,98,479
8863,133,176,309
8864,978,865,1843
8865,397,883,1280
8866,972,850,1822
8867,441,332,773
8868,486,176,662
8869,951,448,1399
8870,801,972,1773
8871,175,620,795
8872,798,972,1770
8873,129,993,1122
8874,680,425,1105
8875,347,544,891
8876,953,600,1553
8877,523,266,789
8878,170,135,305
8879,284,165,449
8880,441,514,955
8881,615,766,1381
8882,771,564,1335
8883,96,293,389
8884,199,829,1028
8885,952,789,1741
8886,230,242,472
8887,623,451,1074
8888,663,439,1102
8889,877,342,1219
8890,44,114,158
8891,229,667,896
8892,74,770,844
8893,215,562,777
8894,201,836,1037
8895,302,392,694
8896,650,502,1152
8897,981,38,1019
8898,385,522,907
8899,346,429,775
8900,341,520,861
8901,102,992,1094
8902,908,7,915
8903,424,706,1130
8904,417,77,494
8905,42,29,71
8906,295,513,808
8907,604,640,1244
8908,128,639,767
8909,333,225,558
8910,667,199,866
8911,453,107,560
8912,893,333,1226
8913,968,396,1364
8914,295,543,838
8915,582,61,643
8916,759,333,1092
8917,839,311,1150
8918,65,841,906
8919,940,981,1921
8920,110,301,411
8921,962,85,1047
8922,69,594,663
8923,525,921,1446
8924,300,811,1111
8925,219,716,935
8926,64,687,751
8927,531,484,1015
8928,22,226,248
8929,845,562,1407
8930,560,182,742
8931,291,307,598
8932,359,749,1108
8933,678,165,843
8934,277,839,1116
8935,550,853,1403
8936,426,263,689
8937,978,703,1681
8938,807,237,1044
8939,902,394,1296
8940,313,830,1143
8941,456,928,1384
8942,20,877,897
8943,708,449,1157
8944,514,326,840
8945,130,281,411
8946,946,586,1532
8947,847,265,1112
8948,614,87,701
8949,75,804,879
8950,900,101,1001
8951,808,945,1753
8952,209,170,379
8953,391,253,644
8954,347,51,398
8955,558,68,626
8956,987,634,1621
8957,407,543,950
8958,345,556,901
8959,463,89,552
8960,70,698,768
8961,486,277,763
8962,919,877,1796
8963,976,694,1670
8964,11,98,109
8965,487,50,537
8966,910,972,1882
8967,265,414,679
8968,791,992,1783
8969,402,666,1068
8970,395,418,813
8971,279,38,317
8972,729,759,1488
8973,655,450,1105
8974,444,652,1096
8975,683,689,1372
8976,366,637,1003
8977,793,414,1207
8978,468,803,1271
8979,672,186,858
8980,365,284,649
8981,303,402,705
8982,478,145,623
8983,64,50,114
8984,869,711,1580
8985,637,37,674
8986,346,691,1037
8987,631,309,940
8988,429,617,1046
8989,636,48,684
8990,571,654,1225
8991,374,946,1320
8992,906,70,976
8993,946,651,1597
8994,966,464,1430
8995,227,768,995
8996,100,29,129
8997,348,483,831
8998,992,858,1850
8999,927,980,1907
9000,552,554,1106
9001,754,544,1298
9002,264,914,1178
9003,262,313,575
9004,33,822,855
9005,979,114,1093
9006,972,915,1887
9007,350,793,1143
9008,724,648,1372
9009,661,683,1344
9010,781,26,807
9011,42,534,576
9012,786,108,894
9013,267,630,897
9014,504,139,643
9015,548,383,931
9016,180,993,1173
9017,548,850,1398
9018,340,624,964
9019,112,467,579
9020,73,252,325
9021,929,769,1698
9022,597,200,797
9023,877,264,1141
9024,884,380,1264
9025,796,592,1388
9026,577,893,1470
9027,989,483,1472
9028,693,930,1623
9029,563,991,1554
9030,450,285,735
9031,442,281,723
9032,127,487,614
9033,247,971,1218
9034,911,46,957
9035,989,953,1942
9036,507,79,586
9037,876,972,1848
9038,580,640,1220
9039,713,562,1275
9040,459,37,496
9041,261,676,937
9042,271,928,1199
9043,689,888,1577
9044,709,825,1534
9045,161,338,499
9046,471,543,1014
9047,721,760,1481
9048,286,714,1000
9049,905,502,1407
9050,925,857,1782
9051,56,939,995
9052,229,871,1100
9053,296,250,546
9054,374,884,1258
9055,624,138,762
9056,852,149,1001
9057,0,424,424
9058,722,101,823
9059,42,839,881
9060,870,483,1353
9061,794,619,1413
9062,86,559,645
9063,306,234,540
9064,124,515,639
9065,493,502,995
9066,795,389,1184
9067,8,477,485
9068,24,309,333
9069,815,391,1206
9070,952,817,1769
9071,468,783,1251
9072,451,508,959
9073,279,957,1236
9074,707,18,725
9075,610,136,746
9076,172,493,665
9077,405,325,730
9078,492,444,936
9079,494,489,983
9080,468,375,843
9081,463,92,555
9082,997,633,1630
9083,382,749,1131
9084,778,31,809
9085,253,336,589
9086,196,630,826
9087,321,236,557
9088,139,189,328
9089,43,315,358
9090,855,0,855
9091,776,885,1661
9092,877,556,1433
9093,95,355,450
9094,27,560,587
9095,408,867,1275
9096,210,409,619
9097,956,149,1105
9098,444,513,957
9099,878,101,979
9100,941,626,1567
9101,43,132,175
9102,380,273,653
9103,66,190,256
9104,540,98,638
9105,972,126,1098
9106,105,642,747
9107,399,402,801
9108,431,195,626
9109,981,805,1786
9110,582,212,794
9111,204,469,673
9112,950,550,1500
9113,80,505,585
9114,253,194,447
9115,716,491,1207
9116,769,842,1611
9117,985,408,1393
9118,122,731,853
9119,296,11,307
9120,402,494,896
9121,158,389,547
9122,526,263,789
9123,992,297,1289
9124,285,487,772
9125,467,161,628
9126,547,902,1449
9127,846,713,1559
9128,526,369,895
9129,521,954,1475
9130,8,760,768
9131,590,497,1087
9132,104,967,1071
9133,684,903,1587
9134,492,16,508
9135,567,419,986
9136,994,235,1229
9137,890,273,1163
9138,665,764,1429
9139,327,517,844
9140,144,605,749
9141,394,252,646
9142,165,437,602
9143,734,692,1426
9144,241,261,502
9145,272,850,1122
9146,483,691,1174
9147,35,241,276
9148,597,26,623
9149,401,142,543
9150,589,570,1159
9151,467,588,1055
9152,960,734,1694
9153,267,417,684
9154,701,511,1212
9155,173,849,1022
9156,511,288,799
9157,730,339,1069
9158,627,812,1439
9159,858,555,1413
9160,847,749,1596
9161,913,568,1481
9162,472,620,1092
9163,418,348,766
9164,661,78,739
9165,626,390,1016
9166,787,163,950
9167,475,395,870
9168,382,727,1109
9169,140,776,916
9170,533,545,1078
9171,842,441,1283
9172,413,339,752
9173,886,372,1258
9174,455,712,1167
9175,37,669,706
9176,699,27,726
9177,666,406,1072
9178,285,782,1067
9179,101,713,814
9180,513,447,960
9181,473,299,772
9182,950,13,963
9183,240,363,603
9184,643,548,1191
9185,945,463,1408
9186,342,990,1332
9187,715,323,1038
9188,267,640,907
9189,339,64,403
9190,23,869,892
9191,144,803,947
9192,171,179,350
9193,93,490,583
9194,275,513,788
9195,945,349,1294
9196,250,332,582
9197,635,261,896
9198,116,809,925
9199,40,77,117
9200,259,989,1248
9201,394,526,920
9202,3,337,340
9203,90,436,526
9204,86,170,256
9205,882,142,1024
9206,796,492,1288
9207,330,697,1027
9208,690,231,921
9209,323,473,796
9210,370,141,511
9211,463,84,547
9212,346,15,361
9213,769,322,1091
9214,574,918,1492
9215,559,943,1502
9216,192,524,716
9217,263,919,1182
9218,868,873,1741
9219,785,432,1217
9220,420,707,1127
9221,161,129,290
9222,230,22,252
9223,259,887,1146
9224,937,805,1742
9225,635,312,947
9226,743,752,1495
9227,183,993,1176
9228,427,31,458
9229,149,862,1011
9230,670,84,754
9231,401,504,905
9232,85,389,474
9233,159,175,334
9234,256,509,765
9235,894,938,1832
9236,420,182,602
9237,662,618,1280
9238,776,916,1692
9239,242,48,290
9240,548,471,1019
9241,170,91,261
9242,332,641,973
9243,783,284,1067
9244,586,16,602
9245,965,189,1154
9246,411,632,1043
9247,163,880,1043
9248,260,447,707
9249,523,476,999
9250,514,295,809
9251,624,627,1251
9252,229,670,899
9253,328,881,1209
9254,212,694,906
9255,91,168,259
9256,875,150,1025
9257,882,227,1109
9258,911,744,1655
9259,7,617,624
9260,625,863,1488
9261,126,919,1045
9262,230,755,985
9263,571,298,869
9264,329,194,523
9265,439,390,829
9266,626,967,1593
9267,717,617,1334
9268,40,28,68
9269,206,772,978
9270,966,508,1474
9271,46,247,293
9272,96,549,645
9273,109,535,644
9274,337,11,348
9275,276,282,558
9276,47,909,956
9277,872,342,1214
9278,296,404,700
9279,662,984,1646
9280,471,875,1346
9281,402,658,1060
9282,962,96,1058
9283,485,284,769
9284,848,530,1378
9285,774,86,860
9286,550,333,883
9287,836,350,1186
9288,557,810,1367
9289,982,602,1584
9290,985,519,1504
9291,188,199,387
9292,482,954,1436
9293,296,13,309
9294,425,569,994
9295,914,79,993
9296,267,907,1174
9297,886,152,1038
9298,774,996,1770
9299,482,712,1194
9300,383,951,1334
9301,237,977,1214
9302,491,634,1125
9303,940,859,1799
9304,969,938,1907
9305,671,274,945
9306,934,953,1887
9307,188,911,1099
9308,896,281,1177
9309,228,508,736
9310,432,418,850
9311,623,370,993
9312,20,600,620
9313,937,317,1254
9314,352,699,1051
9315,832,897,1729
9316,84,591,675
9317,923,468,1391
9318,563,402,965
9319,310,838,1148
9320,649,720,1369
9321,294,117,411
9322,341,686,1027
9323,227,122,349
9324,614,186,800
9325,925,331,1256
9326,929,719,1648
9327,318,199,517
9328,505,8,513
9329,352,89,441
9330,831,262,1093
9331,460,24,484
9332,344,373,717
9333,258,545,803
9334,582,458,1040
9335,287,253,540
9336,156,743,899
9337,339,303,642
9338,206,819,1025
9339,981,226,1207
9340,28,382,410
9341,263,783,1046
9342,449,576,1025
9343,867,238,1105
9344,81,129,210
9345,469,45,514
9346,306,873,1179
9347,842,530,1372
9348,777,449,1226
9349,978,4,982
9350,480,379,859
9351,186,553,739
9352,733,93,826
9353,714,854,1568
9354,269,894,1163
9355,880,28,908
9356,877,695,1572
9357,968,214,1182
9358,816,851,1667
9359,851,149,1000
9360,226,29,255
9361,330,47,377
9362,222,81,303
9363,566,162,728
9364,536,88,624
9365,385,375,760
9366,363,262,625
9367,839,995,1834
9368,455,361,816
9369,713,498,1211
9370,693,192,885
9371,206,879,1085
9372,863,817,1680
9373,602,215,817
9374,435,634,1069
9375,385,904,1289
9376,917,907,1824
9377,859,679,1538
9378,111,214,325
9379,484,653,1137
9380,246,988,1234
9381,958,680,1638
9382,967,66,1033
9383,973,558,1531
9384,594,989,1583
9385,375,528,903
9386,603,751,1354
9387,800,120,920
9388,114,702,816
9389,837,306,1143
9390,954,332,1286
9391,670,761,1431
9392,497,98,595
9393,950,399,1349
9394,500,271,771
9395,750,971,1721
9396,8,417,425
9397,165,751,916
9398,650,248,898
9399,237,559,796
9400,350,754,1104
9401,588,386,974
9402,766,459,1225
9403,283,755,1038
9404,470,786,1256
9405,720,538,1258
9406,299,427,726
9407,164,329,493
9408,37,643,680
9409,459,754,1213
9410,549,861,1410
9411,930,694,1624
9412,923,821,1744
9413,647,836,1483
9414,59,699,758
9415,108,984,1092
9416,484,701,1185
9417,261,816,1077
9418,355,911,1266
9419,368,695,1063
9420,530,707,1237
9421,896,636,1532
9422,936,977,1913
9423,206,750,956
9424,244,878,1122
9425,777,402,1179
9426,642,973,1615
9427,524,528,1052
9428,495,530,1025
9429,139,392,531
9430,530,72,602
9431,584,199,783
9432,701,366,1067
9433,448,848,1296
9434,924,576,1500
9435,330,515,845
9436,943,536,1479
9437,427,599,1026
9438,32,797,829
9439,922,160,1082
9440,59,744,803
9441,111,774,885
9442,661,414,1075
9443,928,331,1259
9444,874,979,1853
9445,302,969,1271
9446,700,526,1226
9447,446,642,1088
9448,374,154,528
9449,973,341,1314
9450,762,26,788
9451,622,662,1284
9452,411,838,1249
9453,745,884,1629
9454,677,805,1482
9455,616,772,1388
9456,438,235,673
9457,51,327,378
9458,743,417,1160
9459,70,545,615
9460,801,720,1521
9461,563,734,1297
9462,210,279,489
9463,858,779,1637
9464,568,270,838
9465,9,205,214
9466,723,712,1435
9467,944,125,1069
9468,421,587,1008
9469,85,387,472
9470,97,651,748
9471,927,424,1351
9472,727,582,1309
9473,319,402,721
9474,195,205,400
9475,986,58,1044
9476,648,409,1057
9477,717,939,1656
9478,970,610,1580
9479,168,78,246
9480,753,893,1646
9481,869,33,902
9482,448,477,925
9483,192,580,772
9484,511,375,886
9485,729,849,1578
9486,693,323,1016
9487,796,774,1570
9488,467,676,1143
9489,794,512,1306
9490,915,637,1552
9491,682,690,1372
9492,933,797,1730
9493,839,174,1013
9494,478,580,1058
9495,105,209,314
9496,709,810,1519
9497,910,419,1329
9498,11,997,1008
9499,349,352,701
9500,549,442,991
9501,824,67,891
9502,231,752,983
9503,276,542,818
9504,298,363,661
9505,706,846,1552
9506,689,618,1307
9507,236,200,436
9508,61,438,499
9509,768,332,1100
9510,103,47,150
9511,448,85,533
9512,2,373,375
9513,752,136,888
9514,836,892,1728
9515,601,55,656
9516,492,30,522
9517,439,900,1339
9518,272,864,1136
9519,464,610,1074
9520,113,522,635
9521,980,515,1495
9522,154,489,643
9523,833,244,1077
9524,880,294,1174
9525,58,857,915
9526,573,753,1326
9527,736,461,1197
9528,398,144,542
9529,689,691,1380
9530,992,897,1889
9531,727,754,1481
9532,55,337,392
9533,597,696,1293
9534,762,757,1519
9535,242,564,806
9536,910,566,1476
9537,500,411,911
9538,928,191,1119
9539,525,615,1140
9540,505,153,658
9541,56,857,913
9542,995,652,1647
9543,180,587,767
9544,819,13,832
9545,976,287,1263
9546,138,304,442
9547,453,55,508
9548,815,208,1023
9549,256,627,883
9550,203,506,709
9551,838,100,938
9552,689,263,952
9553,537,127,664
9554,23,4,27
9555,625,587,1212
9556,139,524,663
9557,923,334,1257
9558,486,678,1164
9559,778,604,1382
9560,647,549,1196
9561,227,555,782
9562,986,689,1675
9563,845,419,1264
9564,178,496,674
9565,887,350,1237
9566,925,117,1042
9567,39,126,165
9568,611,983,1594
9569,810,449,1259
9570,408,891,1299
9571,632,305,937
9572,586,922,1508
9573,332,661,993
9574,730,766,1496
9575,842,494,1336
9576,663,53,716
9577,962,32,994
9578,232,309,541
9579,928,550,1478
9580,880,830,1710
9581,845,851,1696
9582,193,417,610
9583,890,480,1370
9584,431,496,927
9585,436,583,1019
9586,121,865,986
9587,862,9,871
9588,851,101,952
9589,952,110,1062
9590,109,964,1073
9591,262,139,401
9592,602,487,1089
9593,977,470,1447
9594,969,871,1840
9595,257,59,316
9596,128,429,557
9597,279,236,515
9598,770,710,1480
9599,758,921,1679
9600,497,600,1097
9601,285,867,1152
9602,988,423,1411
9603,390,183,573
9604,469,514,983
9605,35,435,470
9606,954,78,1032
9607,60,522,582
9608,167,113,280
9609,357,149,506
9610,115,804,919
9611,748,741,1489
9612,873,129,1002
9613,339,296,635
9614,70,759,829
9615,540,7,547
9616,598,188,786
9617,754,553,1307
9618,704,61,765
9619,191,739,930
9620,776,65,841
9621,873,498,1371
9622,478,7,485
9623,855,469,1324
9624,866,927,1793
9625,544,175,719
9626,886,525,1411
9627,736,11,747
9628,704,682,1386
9629,639,384,1023
9630,815,364,1179
9631,508,12,520
9632,893,16,909
9633,725,925,1650
9634,457,372,829
9635,993,613,1606
9636,496,952,1448
9637,110,991,1101
9638,902,360,1262
9639,183,818,1001
9640,617,657,1274
9641,137,239,376
9642,640,495,1135
9643,299,310,609
9644,214,312,526
9645,769,587,1356
9646,133,215,348
9647,550,255,805
9648,79,210,289
9649,129,449,578
9650,525,393,918
9651,191,156,347
9652,614,454,1068
9653,898,391,1289
9654,775,856,1631
9655,932,308,1240
9656,58,711,769
9657,196,558,754
9658,456,658,1114
9659,139,720,859
9660,420,828,1248
9661,41,235,276
9662,503,718,1221
9663,279,696,975
9664,473,820,1293
9665,874,386,1260
9666,967,656,1623
9667,553,674,1227
9668,646,654,1300
9669,670,745,1415
9670,512,115,627
9671,735,637,1372
9672,612,784,1396
9673,169,621,790
9674,334,514,848
9675,255,78,333
9676,570,899,1469
9677,236,646,882
9678,87,960,1047
9679,757,814,1571
9680,709,322,1031
9681,249,138,387
9682,253,20,273
9683,4,584,588
9684,890,429,1319
9685,763,555,1318
9686,173,619,792
9687,364,689,1053
9688,701,306,1007
9689,574,365,939
9690,840,740,1580
9691,349,494,843
9692,298,236,534
9693,591,642,1233
9694,999,285,1284
9695,92,160,252
9696,106,49,155
9697,987,443,1430
9698,578,223,801
9699,14,492,506
9700,818,872,1690
9701,985,261,1246
9702,834,103,937
9703,933,616,1549
9704,339,967,1306
9705,945,388,1333
9706,435,677,1112
9707,519,648,1167
9708,258,451,709
9709,742,272,1014
9710,541,696,1237
9711,162,637,799
9712,656,578,1234
9713,445,98,543
9714,665,516,1181
9715,496,410,906
9716,561,128,689
9717,22,609,631
9718,994,595,1589
9719,959,485,1444
9720,390,292,682
9721,776,11,787
9722,210,533,743
9723,281,157,438
9724,588,552,1140
9725,738,725,1463
9726,790,893,1683
9727,419,37,456
9728,819,615,1434
9729,696,889,1585
9730,433,193,626
9731,589,928,1517
9732,258,425,683
9733,45,515,560
9734,473,785,1258
9735,289,961,1250
9736,253,200,453
9737,704,348,1052
9738,945,184,1129
9739,173,375,548
9740,466,117,583
9741,852,712,1564
9742,787,423,1210
9743,292,40,332
9744,434,123,557
9745,414,672,1086
9746,894,91,985
9747,476,396,872
9748,828,263,1091
9749,609,655,1264
9750,827,739,1566
9751,901,462,1363
9752,761,389,1150
9753,793,457,1250
9754,690,362,1052
9755,191,933,1124
9756,172,53,225
9757,292,622,914
9758,14,599,613
9759,73,658,731
9760,262,643,905
9761,782,630,1412
9762,853,103,956
9763,797,125,922
9764,164,961,1125
9765,577,226,803
9766,230,814,1044
9767,799,974,1773
9768,585,229,814
9769,430,54,484
9770,574,39,613
9771,314,177,491
9772,414,893,1307
9773,761,40,801
9774,351,912,1263
9775,127,256,383
9776,883,995,1878
9777,483,616,1099
9778,759,909,1668
9779,838,721,1559
9780,561,739,1300
9781,953,827,1780
9782,597,510,1107
9783,175,729,904
9784,122,498,620
9785,938,394,1332
9786,930,577,1507
9787,391,623,1014
9788,133,555,688
9789,811,374,1185
9790,127,170,297
9791,401,706,1107
9792,348,152,500
9793,13,889,902
9794,205,355,560
9795,470,403,873
9796,727,626,1353
9797,536,966,1502
9798,789,390,1179
9799,469,236,705
9800,907,735,1642
9801,99,943,1042
9802,147,189,336
9803,523,737,1260
9804,767,975,1742
9805,410,591,1001
9806,875,157,1032
9807,120,180,300
9808,566,259,825
9809,894,280,1174
9810,868,347,1215
9811,855,182,1037
9812,587,267,854
9813,968,106,1074
9814,943,969,1912
9815,464,646,1110
9816,380,486,866
9817,348,878,1226
9818,90,933,1023
9819,274,289,563
9820,492,636,1128
9821,948,66,1014
9822,214,854,1068
9823,842,891,1733
9824,36,865,901
9825,829,722,1551
9826,210,45,255
9827,84,743,827
9828,227,797,1024
9829,771,534,1305
9830,42,50,92
9831,182,421,603
9832,958,260,1218
9833,19,441,460
9834,861,473,1334
9835,219,675,894
9836,87,110,197
9837,586,42,628
9838,257,118,375
9839,435,178,613
9840,285,263,548
9841,909,234,1143
9842,560,84,644
9843,487,211,698
9844,244,758,1002
9845,724,341,1065
9846,823,527,1350
9847,135,972,1107
9848,399,444,843
9849,856,203,1059
9850,601,507,1108
9851,409,767,1176
9852,979,497,1476
9853,272,622,894
9854,822,62,884
9855,934,312,1246
9856,587,173,760
9857,877,273,1150
9858,261,230,491
9859,54,313,367
9860,533,607,1140
9861,386,465,851
9862,862,301,1163
9863,293,55,348
9864,785,727,1512
9865,961,602,1563
9866,578,366,944
9867,453,90,543
9868,119,519,638
9869,520,64,584
9870,761,475,1236
9871,512,904,1416
9872,860,76,936
9873,557,126,683
9874,758,919,1677
9875,984,450,1434
9876,965,14,979
9877,634,108,742
9878,249,182,431
9879,757,577,1334
9880,807,224,1031
9881,507,182,689
9882,871,216,1087
9883,21,737,758
9884,602,575,1177
9885,193,901,1094
9886,421,355,776
9887,677,553,1230
9888,572,843,1415
9889,301,857,1158
9890,885,314,1199
9891,314,93,407
9892,967,725,1692
9893,357,482,839
9894,120,228,348
9895,275,502,777
9896,286,868,1154
9897,275,241,516
9898,875,346,1221
9899,363,814,1177
9900,809,672,1481
9901,659,713,1372
9902,359,905,1264
9903,719,995,1714
9904,841,123,964
9905,333,390,723
9906,804,706,1510
9907,750,833,1583
9908,544,610,1154
9909,932,170,1102
9910,51,40,91
9911,520,133,653
9912,828,110,938
9913,587,66,653
9914,403,462,865
9915,475,898,1373
9916,133,993,1126
9917,573,928,1501
9918,499,214,713
9919,216,4,220
9920,179,128,307
9921,845,33,878
9922,860,443,1303
9923,583,112,695
9924,793,953,1746
9925,209,395,604
9926,21,818,839
9927,562,603,1165
9928,453,111,564
9929,312,338,650
9930,626,507,1133
9931,522,337,859
9932,137,794,931
9933,802,585,1387
9934,306,180,486
9935,243,171,414
9936,422,659,1081
9937,598,948,1546
9938,330,356,686
9939,520,214,734
9940,674,47,721
9941,734,264,998
9942,414,322,736
9943,488,648,1136
9944,335,389,724
9945,680,139,819
9946,902,778,1680
9947,297,161,458
9948,660,681,1341
9949,732,12,744
9950,237,348,585
9951,348,174,522
9952,116,517,633
9953,724,768,1492
9954,494,34,528
9955,745,370,1115
9956,295,652,947
9957,422,15,437
9958,894,75,969
9959,308,435,743
9960,976,361,1337
9961,582,31,613
9962,529,906,1435
9963,388,927,1315
9964,819,339,1158
9965,299,280,579
9966,323,353,676
9967,464,913,1377
9968,43,663,706
9969,725,713,1438
9970,614,351,965
9971,435,839,1274
9972,193,911,1104
9973,395,114,509
9974,968,10,978
9975,924,94,1018
9976,160,339,499
9977,258,28,286
9978,124,351,475
9979,860,300,1160
9980,572,85,657
9981,814,778,1592
9982,189,930,1119
9983,528,644,1172
9984,150,357,507
9985,957,314,1271
9986,838,598,1436
9987,378,739,1117
9988,286,163,449
9989,454,832,1286
9990,496,501,997
9991,120,137,257
9992,171,889,1060
9993,917,828,1745
9994,219,191,410
9995,508,425,933
9996,456,100,556
9997,874,751,1625
9998,838,912,1750
9999,778,564,1342
